0 13048042 16438 0.941400
1 13048044 16438 0.942126
2 13048045 16438 0.942441
3 13048048 16438 0.942767
4 13048049 16438 0.942636
5 13048050 16438 0.942791
6 13048051 16438 0.943108
7 13048052 16438 0.943195
8 13048053 16438 0.943383
9 13048087 16439 0.962118
10 13048088 16439 0.962396
11 13048089 16439 0.962768
12 13048090 16439 0.963103
13 13048091 16439 0.963448
14 13049004 16444 0.961440
15 13049005 16444 0.961139
16 13049006 16444 0.961479
17 13049031 16444 0.961489
18 13049032 16444 0.961824
19 13049039 16444 0.961537
20 13049041 16444 0.961390
21 13049042 16444 0.961796
22 13049045 16444 0.961667
23 13049046 16444 0.961737
24 13049047 16444 0.961545
25 13049048 16444 0.961436
26 13049050 16444 0.961192
27 13049072 16445 1.015905
28 13049079 16445 1.015977
29 13049080 16445 1.016070
30 13049081 16445 1.016147
31 13049082 16445 1.016048
32 13049086 16445 1.015959
33 13049087 16445 1.016217
34 13049088 16445 1.016360
35 13049092 16445 1.016189
36 13049093 16445 1.016139
37 13049094 16445 1.016283
38 13049096 16445 1.016150
39 13049098 16445 1.016313
40 13049099 16445 1.016265
41 13049101 16445 1.016424
42 13050001 16445 1.016605
43 13050002 16445 1.016369
44 13050006 16447 1.040748
45 13050007 16447 1.041145
46 13050008 16447 1.041311
47 13050009 16447 1.041122
48 13050010 16447 1.041150
49 13050011 16447 1.041036
50 13050012 16447 1.041365
51 13050014 16447 1.041354
52 13050020 16447 1.041670
53 13050022 16447 1.041702
54 13050023 16447 1.041889
55 13050025 16447 1.041803
56 13050026 16447 1.042147
57 13050028 16447 1.042267
58 13050029 16447 1.042115
59 13050031 16447 1.042119
60 13050032 16447 1.042320
61 13050033 16447 1.042493
62 13050036 16447 1.042251
63 13050037 16447 1.042486
64 13050038 16447 1.042967
65 13050039 16447 1.043398
66 13050041 16447 1.044057
67 13050042 16447 1.045001
68 13050043 16447 1.045778
69 13050044 16447 1.045595
70 13050046 16447 1.045501
71 13050047 16447 1.045122
72 13050049 16447 1.045099
73 13050050 16447 1.045332
74 13051006 16449 1.033340
75 13051007 16449 1.032177
76 13051008 16449 1.031773
77 13051009 16449 1.031774
78 13051010 16449 1.032006
79 13051011 16449 1.031956
80 13051012 16449 1.031767
81 13051013 16449 1.031798
82 13051014 16449 1.031642
83 13051015 16449 1.031924
84 13051016 16449 1.032079
85 13051017 16449 1.032136
86 13051019 16449 1.032237
87 13051020 16449 1.032384
88 13051021 16449 1.032705
89 13051022 16449 1.032578
90 13051023 16449 1.032935
91 13051024 16449 1.032565
92 13051026 16449 1.032793
93 13051028 16449 1.032977
94 13051068 16450 0.977526
95 13051070 16450 0.974623
96 13051071 16450 0.974009
97 13051072 16450 0.973982
98 13051073 16450 0.974100
99 13051074 16450 0.973734
100 13051081 16450 0.973403
101 13051082 16450 0.973211
102 13051083 16450 0.972942
103 13051085 16450 0.973063
104 13051086 16450 0.972942
105 13051087 16450 0.972523
106 13051088 16450 0.972654
107 13051091 16450 0.972188
108 13051092 16450 0.972374
109 13051093 16450 0.972382
110 13051095 16450 0.972665
111 13051099 16451 0.954341
112 13051101 16451 0.953974
113 13052001 16451 0.954197
114 13052003 16451 0.954640
115 13052004 16451 0.954641
116 13052005 16451 0.954852
117 13052008 16451 0.955101
118 13052009 16451 0.955601
119 13052010 16451 0.955175
120 13052011 16451 0.955574
121 13052012 16451 0.955681
122 13052013 16451 0.955850
123 13052014 16451 0.956116
124 13052015 16451 0.955919
125 13052016 16451 0.956307
126 13052017 16451 0.956547
127 13052018 16451 0.956957
128 13052036 16452 1.037583
129 13052037 16452 1.037130
130 13052039 16452 1.037004
131 13052042 16452 1.036837
132 13052043 16452 1.036609
133 13052045 16452 1.036528
134 13052046 16452 1.036352
135 13052048 16452 1.036335
136 13052049 16452 1.036127
137 13052050 16452 1.036148
138 13052051 16452 1.036127
139 13052052 16452 1.035980
140 13052056 16452 1.035844
141 13052060 16452 1.036114
142 13052061 16452 1.036028
143 13052062 16452 1.035612
144 13052064 16452 1.036232
145 13052067 16452 1.035876
146 13052085 16453 1.039372
147 13052087 16453 1.038871
148 13052088 16453 1.038966
149 13053004 16453 1.038923
150 13053005 16453 1.038980
151 13053006 16453 1.038960
152 13053007 16453 1.038979
153 13053010 16453 1.038596
154 13053011 16453 1.039091
155 13053012 16453 1.038864
156 13053013 16453 1.038861
157 13053014 16453 1.038616
158 13053015 16453 1.038795
159 13053022 16453 1.038532
160 13053023 16453 1.038726
161 13053024 16453 1.038534
162 13053025 16453 1.037731
163 13053026 16453 1.038388
164 13053027 16453 1.038371
165 13053028 16453 1.038385
166 13054005 16458 0.962491
167 13054006 16458 0.962494
168 13054007 16458 0.962444
169 13054008 16458 0.962320
170 13054009 16458 0.962355
171 13054010 16458 0.962305
172 13054011 16458 0.962665
173 13054012 16458 0.962354
174 13054013 16458 0.962574
175 13054014 16458 0.962456
176 13054015 16458 0.962428
177 13054016 16458 0.962378
178 13054017 16458 0.962728
179 13054018 16458 0.962579
180 13054019 16458 0.962635
181 13054021 16458 0.962868
182 13054023 16458 0.962283
183 13054042 16460 1.019756
184 13054043 16460 1.020305
185 13054044 16460 1.020604
186 13054056 16460 1.021656
187 13054058 16460 1.021553
188 13054060 16460 1.021683
189 13054061 16460 1.021899
190 13054062 16460 1.021932
191 13054063 16460 1.022191
192 13054064 16460 1.022034
193 13054065 16460 1.022118
194 13054066 16460 1.022475
195 13054068 16460 1.022562
196 13054069 16460 1.022517
197 13054070 16460 1.022757
198 13054082 16461 1.018264
199 13054083 16461 1.018485
200 13054084 16461 1.018507
201 13054085 16461 1.018403
202 13055001 16461 1.018362
203 13055002 16461 1.018567
204 13055003 16461 1.018674
205 13055006 16461 1.018460
206 13055008 16461 1.018358
207 13055009 16461 1.018202
208 13055010 16461 1.018401
209 13055011 16461 1.017975
210 13055016 16461 1.018052
211 13055017 16461 1.018159
212 13055018 16461 1.018243
213 13055019 16461 1.018003
214 13055020 16461 1.017999
215 13055021 16461 1.017869
216 13055022 16461 1.018171
217 13055035 16462 1.021852
218 13055036 16462 1.022638
219 13055037 16462 1.022888
220 13055038 16462 1.023176
221 13055039 16462 1.023828
222 13055067 16463 1.079711
223 13055068 16463 1.079098
224 13055069 16463 1.078617
225 13055070 16463 1.078107
226 13055071 16463 1.077655
227 13055072 16463 1.077031
228 13055073 16463 1.076792
229 13055075 16463 1.076302
230 13055078 16463 1.075693
231 13055079 16463 1.075638
232 13055080 16463 1.075293
233 13055081 16463 1.075130
234 13055083 16463 1.074536
235 13055085 16463 1.074453
236 13055086 16463 1.074599
237 13055087 16463 1.074595
238 13055088 16463 1.074180
239 13055089 16463 1.074258
240 13056005 16464 0.966305
241 13056007 16464 0.966406
242 13056011 16464 0.966769
243 13056017 16465 0.957774
244 13056020 16465 0.958976
245 13056022 16465 0.958898
246 13056023 16465 0.958809
247 13056027 16465 0.959523
248 13056028 16465 0.959673
249 13056029 16465 0.959804
250 13056030 16465 0.959881
251 13056031 16465 0.959992
252 13056033 16465 0.960242
253 13056035 16465 0.960888
254 13056037 16465 0.960653
255 13056038 16465 0.960832
256 13056039 16465 0.961285
257 13057005 16470 1.041107
258 13057006 16470 1.041532
259 13057007 16470 1.041862
260 13057008 16470 1.042195
261 13057009 16470 1.042589
262 13057010 16470 1.042634
263 13057014 16470 1.043163
264 13057015 16470 1.043427
265 13057016 16470 1.043565
266 13057021 16470 1.043907
267 13057023 16470 1.043922
268 13057026 16470 1.043930
269 13057042 16472 0.966944
270 13057044 16472 0.967498
271 13057045 16472 0.967691
272 13057050 16472 0.967379
273 13057052 16472 0.967272
274 13057053 16472 0.967202
275 13057057 16472 0.967126
276 13058001 16472 0.966921
277 13058002 16472 0.966980
278 13058003 16472 0.966882
279 13058007 16475 0.950783
280 13058012 16475 0.951498
281 13058020 16475 0.953828
282 13058023 16475 0.953972
283 13058028 16475 0.954655
284 13059002 16480 1.034000
285 13059005 16480 1.033631
286 13059006 16480 1.033535
287 13059007 16480 1.033672
288 13059009 16480 1.033690
289 13059010 16480 1.033556
290 13059011 16480 1.033750
291 13059012 16480 1.033959
292 13059014 16480 1.034022
293 13059016 16480 1.034020
294 13059017 16480 1.034302
295 13059018 16480 1.034135
296 13059020 16480 1.034433
297 13059021 16480 1.034222
298 13059022 16480 1.034548
299 13059023 16480 1.034585
300 13059025 16480 1.034288
301 13059074 16484 1.052798
302 13059076 16484 1.051793
303 13059077 16484 1.051522
304 13059078 16484 1.051800
305 13059079 16484 1.051865
306 13059080 16484 1.051863
307 13059082 16484 1.051852
308 13060001 16484 1.051987
309 13060002 16484 1.051934
310 13060005 16487 1.012125
311 13060007 16487 1.014217
312 13060009 16487 1.016271
313 13060011 16487 1.017188
314 13062023 16498 1.035783
315 13062036 16498 1.037131
316 13062042 16498 1.036912
317 13062045 16498 1.037311
318 13062047 16498 1.037661
319 13062049 16498 1.037886
320 13062050 16498 1.037724
321 13062053 16498 1.038130
322 13062057 16498 1.038068
323 13062059 16498 1.038244
324 13062063 16498 1.038768
