13048042 4185716 4187160 16438 0.0382657548488203 1 0.901900926249456 BBCMB 0.852182322591812 0.0149258096587781 0.00515421612115061
13048043 4187235 4188109 16438 0.0216420717508035 1 0.878643476364429 BBCMB 0.832966733602545 0.0084416325994434 0.00291508466391925
13048044 4188201 4188413 16438 0.00511324906212407 1 0.878339450480354 BBCMB 0.847810974458281 0.00199445646742657 0.000688730454987237
13048045 4188520 4188853 16438 0.00813229405972939 1 0.890935777054363 BBCMB 0.850440108680478 0.00317205484915383 0.00109538153135079
13048046 4189809 4189908 16438 0.00223401874820054 1 0.887873487309463 BBCMB 0.458388479296418 0.000871393723749076 0.000300911754973073
13048049 4190821 4192257 16438 0.0331332021862338 1 0.895602253192309 BBCMB 0.838754786547994 0.0129238236948769 0.00446288556251736
13048050 4192384 4193798 16438 0.0311717794300444 1 0.888980559112197 BBCMB 0.858557846739901 0.0121587578328564 0.00419869119786197
13048051 4193934 4195576 16438 0.0340193494167207 1 0.86501659503182 BBCMB 0.842699572208051 0.0132694712574078 0.00458224540159888
13048052 4195659 4197169 16438 0.0289781226749374 1 0.812810327706058 BBCMB 0.792564205098189 0.0113031075702971 0.00390321601238311
13048053 4197222 4198670 16438 0.0290897334162164 1 0.87232805799581 BBCMB 0.841571956242716 0.0113466420748898 0.00391824945113969
13048054 4198806 4198923 16438 4.6309523972594e-07 1 0.876712328767123 BBCMB 1 1.80633347737256e-07 6.23767376248983e-08
13048087 4212739 4214110 16439 0.0496135006097168 1 0.893445058536875 BBCMB 0.838642328287357 0.0252736063997057 0.0128415260527319
13048088 4214259 4215623 16439 0.0452386221402655 1 0.890163004818339 BBCMB 0.841262969291963 0.0230450001710656 0.0117091706423581
13048089 4215769 4217162 16439 0.04241148644022 1 0.868555025332139 BBCMB 0.845832219663561 0.0216048293699044 0.0109774194798604
13048090 4217382 4218775 16439 0.04200178485395 1 0.908779027626774 BBCMB 0.852719163258937 0.0213961233422008 0.0108713758923434
13048091 4219298 4220749 16439 0.0397952713499387 1 0.873146088246199 BBCMB 0.823894556398019 0.0202721036070343 0.0103002611695512
13048092 4220902 4222376 16439 0.0368536859219178 1 0.832654991569809 BBCMB 0.781780686886477 0.0187736309859681 0.00953888683704004
13048093 4223126 4223549 16439 0.00580188770947382 1 0.572631393279761 BBCMB 0.776822764395034 0.00295553880581878 0.00150171004385127
13049004 4244429 4244873 16444 0.0151568364418239 1 0.900230203937078 BBCMB 0.83621145760757 0.00492725024696247 0.00159029780865603
13049005 4244993 4245218 16444 0.00710586736657521 1 0.892264525688584 BBCMB 0.832553138372329 0.00231000623851998 0.000745567542741463
13049006 4245355 4247208 16444 0.0520268380582824 1 0.813071063079495 BBCMB 0.771276597299807 0.0169131105725978 0.0054588018332823
13049007 4247330 4247500 16444 0.00177636074001476 1 0.324835404187912 BBCMB 0.296446715878606 0.000577467067651413 0.000186380753204732
13049031 4256575 4257967 16444 0.0299168985267944 1 0.89696779674731 BBCMB 0.853459979990211 0.00972551536201441 0.00313896493846578
13049032 4258096 4258737 16444 0.0133166197631821 1 0.89638585915203 BBCMB 0.852734216324849 0.00432902461332811 0.00139721711119458
13049035 4259369 4260908 16444 0.0292011106089441 1 0.835570873960562 BBCMB 0.802070067335485 0.00949282391558114 0.00306386246166669
13049039 4263176 4264639 16444 0.0274102943826298 1 0.885434525120759 BBCMB 0.859701079592744 0.0089106575956344 0.00287596499827818
13049041 4264821 4265156 16444 0.00585444876295407 1 0.873169088352472 BBCMB 0.853144850268193 0.00190318964144099 0.000614265191443504
13049042 4265657 4266900 16444 0.021105386840873 1 0.86119037325263 BBCMB 0.843174179636357 0.0068610308571368 0.0022144364078022
13049044 4267040 4268400 16444 8.82119988243625e-06 1 0.000337762110457477 BBCMB 0.701328985665302 2.86763398589587e-06 9.25545043426426e-07
13049045 4268516 4269959 16444 0.0240528556864039 1 0.876916043195809 BBCMB 0.85450678566226 0.00781920683619415 0.00252369310949725
13049046 4270108 4271579 16444 0.0240314625577468 1 0.875760175054705 BBCMB 0.856928110443089 0.00781225226497713 0.00252144848241069
13049047 4271702 4273260 16444 0.0233283201699572 1 0.817440372231925 BBCMB 0.802573128474898 0.00758367168240082 0.00244767281010817
13049048 4273310 4274556 16444 0.0195718832786011 1 0.879143596055944 BBCMB 0.862024065366824 0.00636251285604049 0.00205353691112902
13049049 4274666 4276223 16444 0.0234375518985949 1 0.881166413995829 BBCMB 0.671738857351186 0.00761918120735824 0.00245913370957456
13049050 4276302 4276499 16444 0.00260649603469599 1 0.867624406651787 BBCMB 0.849673090196479 0.000847331056184243 0.000273480877632855
13049052 4276719 4276765 16444 1.3942763118024e-05 1 0.00929441026312345 BBCMB 0.00602170135547187 4.53257401571298e-06 1.46291382890554e-06
13049054 4276879 4276930 16444 0.000761585361885758 1 0.900815217391304 BBCMB 0.946749114196527 0.000247579478530219 7.99076731321962e-05
13049072 4294584 4296041 16445 0.0526910846730082 1 0.891783982329786 BBCMB 0.83871809416402 0.0187224501770414 0.00663548657299122
13049073 4296189 4297672 16445 0.0487592998144312 1 0.891892953982788 BBCMB 0.835225077502985 0.0173253894298888 0.00614034957213266
13049075 4298068 4298105 16445 0 1 0 BBCMB 0 0 0
13049079 4298776 4299008 16445 0.00768036390247402 1 0.972581226136445 BBCMB 0.990889308265631 0.00272902392118108 0.000967202551756529
13049080 4299224 4300716 16445 0.0439232720085946 1 0.890067286054354 BBCMB 0.840681438190294 0.0156070287202649 0.0055313395703196
13049081 4300871 4302365 16445 0.0417001886379419 1 0.886111917700253 BBCMB 0.837387549194197 0.0148171120217427 0.00525138253492832
13049082 4302508 4304256 16445 0.0454121518762681 1 0.861263438737978 BBCMB 0.821118432249803 0.0161360646912476 0.00571883698913447
13049086 4305019 4306457 16445 0.0351806434603046 1 0.870149357900614 BBCMB 0.813293955503935 0.0125005558050169 0.00443036405036517
13049087 4306666 4308083 16445 0.0338392257447799 1 0.876118142988125 BBCMB 0.832924525352424 0.0120239167967033 0.00426143681541879
13049088 4308221 4309654 16445 0.032302998957187 1 0.852792065387922 BBCMB 0.811887458052997 0.0114780572899227 0.00406797691066637
13049089 4309793 4309878 16445 0.00114463633522613 1 0.510737118190263 BBCMB 0.477417177106473 0.000406717699779686 0.000144146188686104
13049092 4310204 4310785 16445 0.0144111856382493 1 0.965807462053016 BBCMB 0.993467497821664 0.00512065194289751 0.00181482748736187
13049093 4310874 4312386 16445 0.03250317952258 1 0.852847251739335 BBCMB 0.817246238238747 0.0115491864132884 0.00409318602264579
13049094 4312609 4314095 16445 0.0315005927142283 1 0.871187057549514 BBCMB 0.838901771262925 0.0111929424360765 0.00396692839583166
13049096 4314395 4314996 16445 0.0121111342118825 1 0.851657742686874 BBCMB 0.816572172804667 0.00430338658383298 0.00152517772115266
13049098 4315834 4317328 16445 0.0295532262780181 1 0.872976566867654 BBCMB 0.841044273108125 0.010500994807656 0.00372169290826566
13049099 4317458 4318936 16445 0.0285188215274901 1 0.869587188680392 BBCMB 0.822761426438063 0.0101334451258675 0.00359142838864603
13049100 4319062 4319238 16445 0.0036591712598653 1 0.956966667652539 BBCMB 0.984392781823676 0.00130019436926081 0.000460806261890251
13049101 4319351 4320806 16445 0.0270981782961765 1 0.869806009941104 BBCMB 0.838984710672333 0.00962865532541682 0.00341252413672386
13050001 4320931 4322125 16445 0.0218548657874341 1 0.866915995154135 BBCMB 0.819630365045901 0.00776557625204419 0.00275222401260098
13050002 4322243 4322581 16445 0.0066747699135197 1 0.965402507293227 BBCMB 0.993416675896103 0.0023717114180628 0.000840566225080088
13050006 4331560 4333713 16447 0.0652106443473112 1 0.76222835447541 BBCMB 0.723400814830854 0.0231006141561495 0.00815739753196853
13050007 4333851 4334230 16447 0.0119087739558501 1 0.896899121194908 BBCMB 0.850212116357395 0.0042186363128344 0.00148970469849725
13050009 4335372 4336536 16447 0.0349416390398717 1 0.906283197459984 BBCMB 0.858630779770221 0.0123779381345249 0.00437095573766611
13050010 4336652 4336896 16447 0.00773175868914556 1 0.972135906750113 BBCMB 0.98926336142922 0.00273894509115937 0.000967189174097047
13050011 4337013 4338491 16447 0.0420557035294189 1 0.899369291896777 BBCMB 0.856550461171954 0.0148980674861032 0.00526087566853228
13050012 4338956 4340448 16447 0.0406069351564325 1 0.899189427134458 BBCMB 0.858928133846126 0.0143848469908764 0.00507964483316053
13050014 4340595 4342297 16447 0.0484309218476693 1 0.972470151035061 BBCMB 0.998534371577995 0.0171564634888594 0.00605837108811559
13050015 4342403 4342568 16447 0.00377326364325312 1 0.875630626864008 BBCMB 0.838623543281252 0.00133666379782998 0.000472009007716678
13050016 4342688 4342944 16447 0.00578715621280877 1 0.869698710812655 BBCMB 0.836448249717166 0.00205007731592781 0.000723932944996718
13050020 4344064 4345566 16447 0.0347131412811681 1 0.887670063682782 BBCMB 0.855479680253175 0.0122969937026428 0.00434237225913182
13050022 4345772 4347281 16447 0.0337247656777422 1 0.872028741891188 BBCMB 0.840725552683806 0.0119468655343872 0.00421873335341723
13050023 4347390 4348972 16447 0.0326587483550981 1 0.834023799806806 BBCMB 0.805883084354646 0.0115692330926187 0.00408538200926462
13050025 4349122 4349605 16447 0.00962101132916488 1 0.868933234786893 BBCMB 0.840693845268708 0.00340820540467708 0.00120352152408699
13050026 4349692 4350452 16447 0.0153200202376118 1 0.871217864315259 BBCMB 0.844537815944609 0.00542705688489433 0.00191642785509686
13050027 4350529 4351099 16447 0.00958179548340854 1 0.712723823909092 BBCMB 0.688775806022786 0.00339431334563225 0.00119861589485133
13050028 4351139 4352097 16447 0.0194607819545757 1 0.883159248617868 BBCMB 0.85865500013987 0.00689390542923146 0.00243440831286586
13050029 4352183 4353698 16447 0.0272285049619458 1 0.876154699459095 BBCMB 0.851358313408705 0.00964559073860228 0.00340609637274544
13050031 4353938 4354351 16447 0.00799476991470273 1 0.874371424688338 BBCMB 0.855496058515551 0.00283211578286383 0.00100009004700996
13050032 4355013 4356500 16447 0.0280595171327642 1 0.879675347841598 BBCMB 0.858355135897689 0.00993997353008181 0.00351005020879658
13050033 4356622 4357235 16447 0.0111677921990882 1 0.873536874846525 BBCMB 0.856914276677773 0.00395614644126468 0.00139701304034324
13050036 4357645 4359152 16447 0.0267323965683492 1 0.860458066178588 BBCMB 0.846569710631151 0.00946984629235722 0.003344036667217
13050037 4359283 4359868 16447 0.0103118240882454 1 0.871683235857669 BBCMB 0.858885183557182 0.00365292310623316 0.00128993738996869
13050038 4359940 4361489 16447 0.0254871772621145 1 0.865968460815862 BBCMB 0.861625011724335 0.00902873225306152 0.00318826840273952
13050039 4361580 4362596 16447 0.0150904787985937 1 1 BBCMB 1 0.00534574273336776 0.00188771381942261
13050041 4362759 4363984 16447 0.017763802913246 1 0.859994010913447 BBCMB 0.859238080103022 0.00629275728145294 0.00222212805122916
13050042 4364027 4365565 16447 0.0209221952927343 1 0.856627786648436 BBCMB 0.86042849905204 0.00741160535361265 0.00261722094533101
13050043 4365669 4366972 16447 0.0167358857236221 1 0.854062304781886 BBCMB 0.864534646971272 0.0059286216618828 0.00209354276841785
13050044 4367093 4368066 16447 0.0117962877760496 1 0.849161073825503 BBCMB 0.866637885511563 0.00417878852627318 0.00147563346066991
13050046 4369684 4371247 16447 0.0173133478500963 1 0.840179401629929 BBCMB 0.861871995733388 0.00613318534787284 0.00216577925944557
13050047 4371328 4372915 16447 0.0164472532446634 1 0.840974813298762 BBCMB 0.852996648283559 0.00582637474198051 0.00205743685511077
13050049 4373037 4374936 16447 0.0172285050869035 1 0.787936004685047 BBCMB 0.818890802414756 0.00610313013286806 0.00215516602054874
13050050 4374965 4375220 16447 0.00225659748826863 1 0.815635048231511 BBCMB 0.853108874216788 0.000799390780508046 0.00028228463260397
13051006 4418087 4419814 16449 0.0599706979669118 1 0.887467874973563 BBCMB 0.834104324501501 0.0218479609587444 0.00794031296540485
13051007 4419938 4421721 16449 0.0550808032068301 1 0.896713925947872 BBCMB 0.846723571510884 0.0200665204647622 0.00729287519864142
13051008 4421894 4423392 16449 0.0417811829061867 1 0.875744967701325 BBCMB 0.830872551900949 0.0152213278132626 0.00553196276826707
13051009 4423534 4425021 16449 0.0402329697663588 1 0.889350648114888 BBCMB 0.848431939911126 0.014657297355364 0.00532697437753385
13051010 4425163 4426653 16449 0.0391201636795283 1 0.898281226660861 BBCMB 0.857618869288653 0.0142518903021872 0.00517963527862729
13051011 4426797 4428392 16449 0.0375983081083227 1 0.838147268041635 BBCMB 0.802261464510735 0.0136974621859279 0.00497813671460883
13051012 4428487 4428888 16449 0.0094936245514766 1 0.885970966976554 BBCMB 0.853631545851032 0.00345862805652317 0.00125698637285107
13051015 4430131 4431590 16449 0.0331526366487902 1 0.884266844610737 BBCMB 0.854395080493547 0.0120778569491027 0.00438951553915523
13051016 4431721 4433225 16449 0.0324345189099264 1 0.873220965410352 BBCMB 0.845155675755252 0.0118162390447866 0.00429443444478923
13051017 4433351 4434815 16449 0.031266022140124 1 0.884672654033636 BBCMB 0.857289701665628 0.0113905432854819 0.00413972172064493
13051019 4435020 4436322 16449 0.0272402617886703 1 0.889203862802935 BBCMB 0.859711517914681 0.00992391611638755 0.00360669812415624
13051020 4436442 4437937 16449 0.0300808434678008 1 0.883774164719901 BBCMB 0.857932614768972 0.0109587701322606 0.00398280025904445
13051021 4438064 4439378 16449 0.0257811009794523 1 0.883684080403365 BBCMB 0.859448829067832 0.00939232836648487 0.00341350054792598
13051022 4440253 4441701 16449 0.0272673955849688 1 0.876804535207999 BBCMB 0.855922091812058 0.00993380124599732 0.00361029072590765
13051023 4441829 4443324 16449 0.0277182480650622 1 0.876099570175862 BBCMB 0.859650464370325 0.0100980515835317 0.00366998504187419
13051024 4443450 4444276 16449 0.0149088867047829 1 0.87208219659728 BBCMB 0.858214365561495 0.0054314654607515 0.00197398446933293
13051026 4444491 4446003 16449 0.0264929921690547 1 0.85903344864857 BBCMB 0.841752410721198 0.00965167787290361 0.0035077572271775
13051028 4446245 4447132 16449 0.0148453941150676 1 0.849505351314425 BBCMB 0.83120948240011 0.00540833443729674 0.0019655778465919
13051068 4457360 4458692 16450 0.0347195623055146 1 0.877747775407328 BBCMB 0.824583465090113 0.0135213779962435 0.00522169321716206
13051069 4458820 4460353 16450 0.0334707048052987 1 0.883214870909171 BBCMB 0.834440665600129 0.013035016037666 0.00503386968757097
13051070 4460400 4461472 16450 0.0241212885873773 1 0.88219298107131 BBCMB 0.830020764637741 0.00939392777698124 0.00362775221350965
13051071 4461562 4462999 16450 0.0315512327768949 1 0.890405248658837 BBCMB 0.837988057861393 0.0122874862554389 0.00474518822370193
13051072 4463111 4464547 16450 0.0306664123786013 1 0.897867237028177 BBCMB 0.836268140053184 0.0119428969153188 0.00461211452215234
13051073 4464664 4466112 16450 0.0298091922822076 1 0.894979555958073 BBCMB 0.834868246029874 0.0116090563891243 0.00448319180349689
13051074 4466245 4467941 16450 0.0326050816815577 1 0.866797090108107 BBCMB 0.823130943219064 0.0126979029901167 0.00490368318481258
13051080 4469911 4469981 16450 0.00046273907 1 1 BBCMB 1 0.000180211657740466 6.95942374466827e-05
13051081 4470029 4470508 16450 0.00857689658450385 1 0.901720814658275 BBCMB 0.85240422680205 0.00334023395033832 0.00128993339044746
13051082 4470652 4471164 16450 0.0100689749539349 1 0.992222793450083 BBCMB 0.995740311064495 0.00392131718680215 0.00151433643541023
13051083 4471316 4472735 16450 0.0248507813010008 1 0.886582045094492 BBCMB 0.843744613567843 0.00967802544617454 0.00373746520819483
13051084 4472869 4473803 16450 0.014533055111875 1 1 BBCMB 1 0.00565983320523282 0.00218571751091075
13051085 4473976 4475430 16450 0.024741656667158 1 0.886995074273446 BBCMB 0.854036639748864 0.0096355273464028 0.00372105326856989
13051086 4475566 4477043 16450 0.0241155605034931 1 0.876584015464287 BBCMB 0.84712740583003 0.00939169700037432 0.0036268907309684
13051087 4477184 4478400 16450 0.0198298365333257 1 0.892047138313215 BBCMB 0.858686146967321 0.00772264100023603 0.00298233376366766
13051088 4478531 4479490 16450 0.0152307412663983 1 0.887357589121646 BBCMB 0.858775996210707 0.00593154395247796 0.00229064691724153
13051091 4480173 4481659 16450 0.0225844567650914 1 0.886810917540751 BBCMB 0.853750099089349 0.00879541550879854 0.00339661841545843
13051092 4481782 4483268 16450 0.0221966185352704 1 0.884816164206714 BBCMB 0.853992669571102 0.00864437364771004 0.00333828898618189
13051093 4483412 4484931 16450 0.0220051572105241 1 0.883663665005698 BBCMB 0.858265373529176 0.00856980989253432 0.00330949391405571
13051095 4485091 4485277 16450 0.00249868530640474 1 0.867202980106206 BBCMB 0.848653830356336 0.000973101798469154 0.00037579298959664
13051099 4490482 4492009 16451 0.0441099626452078 1 0.862994947583966 BBCMB 0.799104783188328 0.0175771694921663 0.00690202125187136
13051100 4492222 4492323 16451 0.00278208829386218 1 0.884923693540928 BBCMB 0.824077579003865 0.00110862114930174 0.00043532189503918
13051101 4492434 4492634 16451 0.00612119901765407 1 0.973542137305204 BBCMB 0.989373246075694 0.00243920752084964 0.000957802799485536
13051102 4492752 4492795 16451 0.000955537686778004 1 0.827072224915172 BBCMB 0.768848646283664 0.000380767674000154 0.000149515914900061
13052001 4492939 4494410 16451 0.039911139963741 1 0.890102910996433 BBCMB 0.834757786512241 0.0159040005862363 0.00624501857849748
13052002 4494574 4496028 16451 0.0382377856612141 1 0.904569772444978 BBCMB 0.848211622621155 0.0152371935786553 0.00598318369437282
13052003 4496177 4497647 16451 0.0364138407917962 1 0.885520555701324 BBCMB 0.834364018868835 0.0145103784513791 0.00569778544200473
13052004 4497806 4499268 16451 0.0349270273316247 1 0.882332867912402 BBCMB 0.832318693241932 0.0139179052179993 0.0054651391760758
13052005 4499409 4500539 16451 0.0268236994610643 1 0.901373920260089 BBCMB 0.852673990525022 0.0106888485856671 0.00419718659077553
13052008 4502276 4502642 16451 0.00863565286230832 1 0.967401291524853 BBCMB 0.994334819136933 0.00344118028975015 0.00135124711074565
13052009 4502857 4503160 16451 0.00648615792994319 1 0.893379137045342 BBCMB 0.848090131964972 0.0025846382642529 0.0010149090407431
13052010 4503276 4504729 16451 0.0309133072164465 1 0.889430552222664 BBCMB 0.846023472803322 0.0123184969544725 0.00483710006942665
13052011 4504907 4506340 16451 0.0301540105577094 1 0.897431291539429 BBCMB 0.846197597618717 0.0120159284355915 0.00471829059055154
13052012 4506475 4507920 16451 0.0294203779257164 1 0.886722287784395 BBCMB 0.839627142099323 0.0117235866528236 0.00460349684071752
13052013 4508067 4509515 16451 0.0284243238438234 1 0.884261917426054 BBCMB 0.839831517056898 0.0113266737929869 0.00444764120110759
13052014 4509767 4511208 16451 0.0273645506320233 1 0.88685512523123 BBCMB 0.831221946904885 0.0109043697997395 0.00428181523365343
13052015 4511377 4511670 16451 0.00532047247705053 1 0.89632061277527 BBCMB 0.848988186101576 0.0021201298051356 0.000832510659824577
13052016 4512254 4513399 16451 0.0199673774873605 1 0.896164273470364 BBCMB 0.852000140507468 0.00795670540989523 0.00312435684587623
13052017 4513532 4514996 16451 0.0241521604945928 1 0.878845101596666 BBCMB 0.839401784323768 0.00962427971272792 0.00377916268832745
13052018 4515148 4516617 16451 0.0221105433714743 1 0.888512060718102 BBCMB 0.851942728350162 0.00881072540301777 0.0034597045902717
13052019 4516755 4518058 16451 0.0218239012139306 1 0.88296829474181 BBCMB 0.829138744199202 0.00869650273120845 0.00341485281202465
13052020 4518178 4519808 16451 0.0251074081633487 1 0.884963261680724 BBCMB 0.855869836444972 0.010004931818824 0.00392863322321738
13052021 4519907 4521916 16451 0.0251948715261386 1 0.860660045293519 BBCMB 0.844579879203832 0.0100397846788112 0.00394231888406437
13052022 4522026 4522200 16451 0.00286771411013041 1 0.887321947416909 BBCMB 0.846536447112312 0.00114274177410384 0.000448720029341531
13052036 4542399 4543049 16452 0.0190858286406106 1 0.812522388823499 BBCMB 0.741504320472481 0.00682267701026787 0.00235529006127956
13052037 4543146 4544722 16452 0.0469567042985439 1 0.871688346739796 BBCMB 0.78842980440341 0.0167857750862303 0.00579470040454401
13052039 4544933 4546407 16452 0.0438834208332293 1 0.924267426652591 BBCMB 0.85459729272752 0.0156871578430563 0.00541544131458506
13052042 4546723 4548123 16452 0.0395399401902542 1 0.922187478422127 BBCMB 0.850207092981329 0.0141344788326038 0.00487943331711245
13052043 4548269 4549694 16452 0.0386594096086964 1 0.921342604308846 BBCMB 0.849642750770972 0.0138197125277839 0.00477077128485554
13052045 4549834 4551239 16452 0.0371568022183573 1 0.926530638714573 BBCMB 0.854927071150863 0.0132825702799638 0.00458534175391337
13052046 4551371 4552782 16452 0.0347424382701862 1 0.887169761763259 BBCMB 0.819516665475515 0.0124194992698555 0.00428739674358569
13052047 4552963 4553060 16452 0.00223905537155796 1 0.900660768283122 BBCMB 0.830033413005476 0.000800402848411855 0.000276311024403935
13052048 4553221 4554645 16452 0.0338166441204995 1 0.903181530810577 BBCMB 0.834671241152548 0.0120885524411772 0.00417314895269292
13052049 4554813 4555116 16452 0.00771925654337063 1 0.992111614764231 BBCMB 0.992545538527675 0.00275942926799377 0.000952596219919034
13052050 4555266 4556756 16452 0.0328667411102026 1 0.862793823418946 BBCMB 0.796612980281514 0.011748987334921 0.00405592600358966
13052051 4556924 4558375 16452 0.0326917072176476 1 0.897497133889526 BBCMB 0.82938583975001 0.0116864173654824 0.00403432591510072
13052052 4558514 4559993 16452 0.0316303133112459 1 0.879597314116618 BBCMB 0.815351436555134 0.011306997223952 0.00390334441223154
13052053 4560132 4562228 16452 0.0465263608967076 1 0.933032970078561 BBCMB 0.515833441257645 0.0166319387456912 0.00574159380087653
13052054 4562482 4562690 16452 0.00438502629074454 1 0.934719032758248 BBCMB 0.4543595032168 0.00156753047649315 0.000541134945488529
13052055 4562940 4563047 16452 0.00239569368716289 1 0.978370897587979 BBCMB 0.97920366262069 0.000856396887493337 0.000295641003463627
13052056 4563159 4563615 16452 0.00845678651 1 1 BBCMB 1 0.00302307664964316 0.00104361123598189
13052057 4563988 4564069 16452 0 1 1 BBCMB 1 0 0
13052059 4564504 4564586 16452 0 1 0 BBCMB 0 0 0
13052060 4564718 4565309 16452 0.0130507973937906 1 0.994768483335143 BBCMB 0.996092693655541 0.00466531356960933 0.00161053596216218
13052061 4565426 4566135 16452 0.0130003402533973 1 0.828158163666378 BBCMB 0.768052696181475 0.00464727648155581 0.00160430928982184
13052062 4566327 4566619 16452 0.00630416066799417 1 0.982369564300477 BBCMB 0.991006966001326 0.00225357006334218 0.00077796606296897
13052063 4566756 4566811 16452 6.14606e-06 1 0 BBCMB 0 2.197053272107e-06 7.58455622053871e-07
13052064 4566994 4567444 16452 0.00970342976639176 1 0.988213479226716 BBCMB 0.995157679546877 0.00346871851542476 0.00119745346767274
13052067 4568082 4569369 16452 0.0265038977556021 1 0.994059798033133 BBCMB 0.998114873993233 0.00947443976914232 0.00327071819329413
13052068 4569515 4569603 16452 0 1 0 BBCMB 0 0 0
13052069 4569734 4569894 16452 0.00311695873787959 1 0.985429359696517 BBCMB 0.985819965416221 0.00111422999353746 0.000384648844699647
13052084 4576939 4577023 16453 0.00344078564149219 1 0.969915163613032 BBCMB 0.967949258438056 0.000952148275526992 0.000260504887696381
13052085 4577232 4577493 16453 0.0106702988278637 1 0.986405004403695 BBCMB 0.990074240169144 0.00295272873316866 0.000807857648648519
13052088 4578864 4580289 16453 0.0499488795226015 1 0.92517619129297 BBCMB 0.850149931257587 0.0138220582324115 0.00378167331718821
13053004 4580993 4582414 16453 0.0464479814233405 1 0.928132131857209 BBCMB 0.852725092057257 0.0128532753917108 0.00351661726278404
13053005 4582566 4583991 16453 0.0441101660248595 1 0.928915927531552 BBCMB 0.832927657778615 0.0122063455529782 0.00333961921603213
13053006 4584138 4585543 16453 0.0423193913770656 1 0.929381003597523 BBCMB 0.855679479111188 0.0117107950681723 0.00320403810255399
13053007 4586273 4587682 16453 0.0394229190431725 1 0.925904403873179 BBCMB 0.851542582112646 0.0109092713973656 0.00298474365103179
13053010 4588486 4588949 16453 0.0126370629536799 1 0.93527564225668 BBCMB 0.880038634935255 0.00349697974612977 0.000956763079298597
13053011 4589084 4589510 16453 0.0123504594587096 1 0.994741698056926 BBCMB 0.994779362759734 0.0034176696547933 0.000935064078241893
13053012 4589595 4591024 16453 0.0376494664866579 1 0.924317340318996 BBCMB 0.853618158086983 0.0104185143525059 0.00285047400822157
13053013 4591182 4592221 16453 0.0269829301164048 1 0.93046351636843 BBCMB 0.859886899531948 0.00746682678199572 0.00204290121852663
13053014 4592355 4592675 16453 0.00874389298704194 1 0.992583471737014 BBCMB 0.992276768582729 0.00241964582989656 0.000662007779023017
13053015 4592815 4594254 16453 0.0361348211339347 1 0.924509987014059 BBCMB 0.832317578105156 0.00999937549560085 0.00273579888497272
13053021 4596140 4596462 16453 3.59938780416989e-06 1 0.000431832194519353 BBCMB 0.742054824817205 9.9603731466601e-07 2.72512796029443e-07
13053022 4596541 4597030 16453 0.0125704526276265 1 0.995055474344379 BBCMB 0.994673534495053 0.00347854706426805 0.000951719953304725
13053023 4597188 4598225 16453 0.0245246555026977 1 0.931446564861241 BBCMB 0.834034552244466 0.00678656297654752 0.00185678309932496
13053024 4598894 4599189 16453 0.00708775242504743 1 0.991302493127311 BBCMB 0.991125838206171 0.00196135183996654 0.00053661992983265
13053026 4599665 4602090 16453 0.0573601363357116 1 0.997939256290749 BBCMB 0.998761253984579 0.0158729315297757 0.00434278604693996
13053027 4602234 4603647 16453 0.0295571746673311 1 0.913404315403039 BBCMB 0.845806444198289 0.00817918226278826 0.00223779952301713
13053028 4603771 4605299 16453 0.0293313926980897 1 0.848889088738003 BBCMB 0.786783011586214 0.00811670295281152 0.00222070537282311
13053029 4605337 4606031 16453 0.0126966690445679 1 0.822708848468426 BBCMB 0.762952613492402 0.00351347418738923 0.000961275908527354
13054004 4669259 4670138 16458 0.0319304424982886 1 0.796674848124743 BBCMB 0.738644056252454 0.0102287098661027 0.0031604235487193
13054005 4670478 4670782 16458 0.01124314228125 1 1 BBCMB 1 0.00360166760558932 0.00111282803641599
13054006 4670972 4672473 16458 0.0558969571693882 1 0.894214004489197 BBCMB 0.829019388679129 0.0179062271784767 0.00553259040332299
13054007 4672706 4674179 16458 0.0537536417781096 1 0.920954675853314 BBCMB 0.855272713211613 0.0172196300137141 0.00532044851285929
13054008 4674320 4675802 16458 0.0519721635341077 1 0.923059069650618 BBCMB 0.858117750089912 0.0166489450289492 0.00514412067793572
13054009 4675955 4677459 16458 0.0491539440609688 1 0.896055745505788 BBCMB 0.831817888115055 0.0157461467250647 0.00486517787315483
13054010 4677556 4679012 16458 0.0474108335831153 1 0.924211160403763 BBCMB 0.857888314958622 0.0151877526049869 0.00469264761766204
13054011 4679994 4681452 16458 0.0441475630332901 1 0.924530287785698 BBCMB 0.858376401346906 0.0141423850792926 0.00436965437721251
13054012 4681613 4683074 16458 0.0430634092070989 1 0.920019538217522 BBCMB 0.853594104681671 0.0137950834426513 0.00426234658519202
13054013 4683215 4684749 16458 0.0419473010154519 1 0.874908668216539 BBCMB 0.815226402640021 0.0134375454325799 0.00415187600176717
13054014 4684816 4686310 16458 0.040657019435928 1 0.893389870309878 BBCMB 0.829153145471098 0.0130242121089583 0.00402416601814809
13054015 4686453 4687922 16458 0.0399435742251556 1 0.918592157974829 BBCMB 0.855076481867456 0.012795664569514 0.0039535503652342
13054016 4688061 4689573 16458 0.0387904172113582 1 0.889598530878568 BBCMB 0.827324379171476 0.0124262582098988 0.00383941274932201
13054017 4689657 4689844 16458 0.00476384807981635 1 0.908104221590715 BBCMB 0.843319510338163 0.00152606779117589 0.000471517977077196
13054018 4690650 4692185 16458 0.0366789711699159 1 0.872179681510907 BBCMB 0.81223982517958 0.0117498701843648 0.00363042523555417
13054019 4692242 4693935 16458 0.0400732190410253 1 0.882409229711501 BBCMB 0.823507622203861 0.0128371954442348 0.00396638239939928
13054020 4694163 4695037 16458 0.0198946665219569 1 0.876480134639659 BBCMB 0.831751805516739 0.00637312720444982 0.00196914191130548
13054021 4695217 4695748 16458 0.013618613229711 1 0.995651879902624 BBCMB 0.995705233623875 0.004362634295245 0.00134794830840148
13054022 4695885 4695988 16458 0.0018384087828125 1 1 BBCMB 1 0.00058892231310894 0.000181962727565846
13054023 4696169 4696511 16458 0.00795518586386348 1 0.915928930247879 BBCMB 0.851532857564226 0.00254839212255648 0.000787391428726379
13054042 4710642 4712153 16460 0.0448499824602056 1 0.856301127968575 BBCMB 0.802077567759214 0.0147259591472668 0.00483118206665759
13054043 4712307 4713708 16460 0.041704007692357 1 0.915325343799156 BBCMB 0.854737602555186 0.0136930156906941 0.00449230173612295
13054044 4713856 4715280 16460 0.0398407199940536 1 0.902912278082681 BBCMB 0.849764390848413 0.0130812273014976 0.00429159079669161
13054046 4715916 4716026 16460 0 1 1 BBCMB 1 0 0
13054047 4716093 4716377 16460 0.00537466761593637 1 0.638651439082313 BBCMB 0.591338143725489 0.00176470828751477 0.000578952239800677
13054049 4716583 4717503 16460 0.0236287613892489 1 0.888243672189809 BBCMB 0.899933190137009 0.00775822321061836 0.0025452595969766
13054050 4717598 4718168 16460 0.01136213102125 1 1 BBCMB 1 0.00373062079552156 0.00122391404896494
13054056 4718820 4719173 16460 0.000162832116917481 1 0.0150178837224802 BBCMB 0.0131322267938854 5.34639919584664e-05 1.75400649002622e-05
13054057 4719250 4719274 16460 1.990765e-05 1 0 BBCMB 0 6.53644047415625e-06 2.1444262939151e-06
13054058 4719399 4720597 16460 0.029077061005016 1 0.891928822875024 BBCMB 0.825327350110344 0.00954710769089757 0.00313214338050598
13054060 4721266 4722630 16460 0.0308246693365161 1 0.875967695423093 BBCMB 0.809948289077427 0.0101209141336967 0.00332039348825521
13054061 4722792 4724097 16460 0.0295845765014375 1 0.900151497029861 BBCMB 0.837696467479356 0.00971374437740104 0.00318681229296403
13054062 4724227 4725564 16460 0.0293628404550922 1 0.897847693467681 BBCMB 0.838231098775034 0.00964093997969911 0.0031629271730181
13054063 4725712 4727503 16460 0.0338505158083822 1 0.787335536290078 BBCMB 0.731012816285002 0.0111144148908071 0.00364633375421426
13054064 4727642 4729202 16460 0.0328879782115374 1 0.90518586995527 BBCMB 0.837689782910988 0.010798377101017 0.00354265044997916
13054065 4729383 4730992 16460 0.031901928464844 1 0.872436213688745 BBCMB 0.806206378405232 0.010474619376031 0.00343643444739134
13054066 4731077 4731783 16460 0.014062708342435 1 0.896769305045195 BBCMB 0.828847613825322 0.00461732328957698 0.00151481674296951
13054068 4732680 4734356 16460 0.0301750516483668 1 0.845314374365599 BBCMB 0.793619371364323 0.00990761988000292 0.00325041751161006
13054069 4734534 4736166 16460 0.0292060498487369 1 0.862808836693481 BBCMB 0.820860674117347 0.00958945964599079 0.00314603789181679
13054070 4736263 4737933 16460 0.0282754792440107 1 0.835647382663493 BBCMB 0.793154252426157 0.00928391783845488 0.00304579803060166
13054071 4738030 4739450 16460 0.0235960446401548 1 0.836277351572287 BBCMB 0.795971800861951 0.00774748105456471 0.00254173539110555
13054082 4745682 4746940 16461 0.0540603052376861 1 0.987615307197035 BBCMB 0.997305124449682 0.0153237722120603 0.00431387986898016
13054083 4747127 4748610 16461 0.0514389606304178 1 0.864310632096121 BBCMB 0.807171931657326 0.0145807337206111 0.0041047029936141
13054084 4748818 4750363 16461 0.049255464967283 1 0.851106654015613 BBCMB 0.795057697107702 0.0139618065795085 0.00393046539092598
13054085 4750476 4751986 16461 0.0473456089620011 1 0.884271849962496 BBCMB 0.826486721451334 0.01342044451627 0.00377806356230861
13055001 4752155 4753806 16461 0.0483616085619012 1 0.86495917393223 BBCMB 0.812903967427108 0.0137084367199389 0.00385913784040657
13055002 4753940 4754272 16461 0.0089559802803125 1 1 BBCMB 1 0.00253863534709644 0.000714665277385271
13055003 4754540 4755148 16461 0.019187306418471 1 0.989520520717088 BBCMB 0.995372858863894 0.00543877641139707 0.00153110002865642
13055004 4755324 4756186 16461 0.0224456045540859 1 0.831271763068052 BBCMB 0.775338806109853 0.00636236384231554 0.00179110423456249
13055006 4756788 4758075 16461 0.0329673162978568 1 0.860396719686065 BBCMB 0.805267175336037 0.00934481674067819 0.00263071104549526
13055007 4758168 4759491 16461 0.0319293378855783 1 0.831596611169772 BBCMB 0.777658746303956 0.00905059448867906 0.00254788291203435
13055008 4759533 4760844 16461 0.03158593316197 1 0.854295299909071 BBCMB 0.79897576423718 0.0089532540142222 0.00252048005669395
13055009 4760932 4762193 16461 0.0314715051655768 1 0.91020657763539 BBCMB 0.852496623114438 0.00892081859707643 0.00251134898301765
13055010 4762325 4763608 16461 0.0305306616493777 1 0.892716723840896 BBCMB 0.839217281728987 0.00865412991180096 0.00243627197620929
13055011 4763764 4765142 16461 0.0296902837765294 1 0.829529164127117 BBCMB 0.779801365225136 0.0084159189168951 0.00236921188152285
13055012 4765681 4765843 16461 0.0040358545320713 1 0.981258168725802 BBCMB 0.98039543954966 0.00114399123827661 0.000322051300736975
13055014 4766499 4766805 16461 0.00433822790954715 1 0.565092438779442 BBCMB 0.528145615440023 0.00122970109024765 0.000346179955214111
13055015 4767283 4768462 16461 0.0231712893801893 1 0.816492577430426 BBCMB 0.758471585324259 0.00656806428969676 0.00184901210520414
13055016 4768594 4769971 16461 0.0270101309928068 1 0.834596492658341 BBCMB 0.781121004877882 0.0076562108358787 0.00215534225780064
13055017 4770042 4771404 16461 0.0265304398530928 1 0.85273736276626 BBCMB 0.793122506496773 0.00752023902209031 0.00211706408046068
13055018 4771492 4772774 16461 0.0263088207474487 1 0.918729466221519 BBCMB 0.837410425135635 0.00745741953415368 0.00209937941896616
13055019 4772900 4774263 16461 0.0260523546312985 1 0.87018059073892 BBCMB 0.793564400049392 0.00738472241698576 0.002078914051435
13055020 4774328 4775674 16461 0.0251516366290631 1 0.866996880705403 BBCMB 0.804176274363422 0.00712940758972252 0.00200703896230282
13055021 4775733 4777088 16461 0.0248510508885402 1 0.868564538026293 BBCMB 0.803724767531859 0.00704420445596818 0.00198305295687345
13055022 4777154 4778443 16461 0.0243682752252712 1 0.916058016293242 BBCMB 0.850484647041825 0.00690735831237108 0.00194452864211325
13055023 4778572 4778879 16461 0.00424482013845546 1 0.680741650489283 BBCMB 0.632039462189395 0.00120322400321027 0.000338726244001288
13055024 4778937 4779187 16461 0.00400589133781519 1 0.793487817744866 BBCMB 0.735906375296655 0.00113549796097254 0.000319660311268021
13055034 4787410 4788745 16462 0.0357631343380525 1 0.852023120140851 BBCMB 0.788076865289895 0.013584463856048 0.00493435225128395
13055035 4788790 4790367 16462 0.0383771075357559 1 0.861936970612007 BBCMB 0.796882807716242 0.0145773696816176 0.00529501036393601
13055036 4790438 4791996 16462 0.0343178981154263 1 0.855618863748735 BBCMB 0.791578523972725 0.0130354974527083 0.00473494845906196
13055037 4792080 4793575 16462 0.0314299257292832 1 0.89208802887183 BBCMB 0.824709438374239 0.0119385142821061 0.00433648581564513
13055038 4793673 4795224 16462 0.0294226653421417 1 0.864850207630198 BBCMB 0.799013201430622 0.0111760655570852 0.00405953777981076
13055039 4795264 4795880 16462 0.00985567685433059 1 0.763021157612325 BBCMB 0.713664715400334 0.00374363400978779 0.00135981876796377
13055055 4804509 4804526 16463 2.67375e-06 1 0 BBCMB 0 7.079222902875e-07 1.78379065660712e-07
13055056 4804811 4804828 16463 0.000276906395625 1 0 BBCMB 0 7.33158334870899e-05 1.84737930348997e-05
13055067 4806718 4807127 16463 0.0141531242726499 1 0.922305065640168 BBCMB 0.931780599547003 0.00374728832157754 0.000944224809325943
13055068 4807242 4808692 16463 0.0478596355974968 1 0.905016744480413 BBCMB 0.832386514881986 0.0126716794182347 0.00319295262486905
13055069 4808832 4810371 16463 0.04596079821963 1 0.858824632188124 BBCMB 0.792454184695388 0.0121689288598718 0.00306627180680247
13055070 4810415 4810713 16463 0.00869062389879471 1 0.863637778261894 BBCMB 0.795534711843661 0.0023009953714678 0.000579794435184911
13055071 4811147 4812738 16463 0.0440945047456097 1 0.848614072494669 BBCMB 0.783902486970994 0.0116747948718485 0.00294176215326552
13055072 4812895 4813164 16463 0.00248249396630013 1 0.293901554567528 BBCMB 0.265945091858222 0.000657283894996947 0.000165619431217194
13055073 4813381 4814965 16463 0.0414606361048904 1 0.847229679745528 BBCMB 0.782137011021071 0.0109774318721461 0.00276604377001931
13055075 4816130 4817672 16463 0.0399913852870829 1 0.861727158512239 BBCMB 0.795089815666431 0.0105884219033947 0.00266802279270216
13055076 4817779 4818853 16463 0.0275945220235833 1 0.868410910512174 BBCMB 0.800967269326654 0.00730613454149564 0.00184096682783384
13055078 4819324 4819594 16463 0.0072108120803125 1 1 BBCMB 1 0.00190918919223099 0.000481068881361802
13055079 4819884 4821169 16463 0.0333526573173281 1 0.935904567418674 BBCMB 0.946594832798253 0.00883070203095169 0.0022251204673462
13055080 4821306 4822887 16463 0.0367723948638384 1 0.853382447701823 BBCMB 0.788083743035328 0.00973613763117898 0.00245326804597224
13055081 4823025 4824609 16463 0.0360531613859323 1 0.858751606407942 BBCMB 0.777722531688931 0.00954570793097114 0.00240528442903692
13055082 4824748 4825475 16463 0.0150987750321257 1 0.79732670115778 BBCMB 0.735857163217817 0.00399766597523258 0.00100731384117882
13055083 4825518 4825761 16463 0.00620134124034262 1 0.986993839955624 BBCMB 0.986761782382173 0.0016419140509463 0.000413722096791232
13055085 4826838 4827042 16463 0.004491037775161 1 0.923477575652742 BBCMB 0.935893315536049 0.00118908115850759 0.000299619307033262
13055086 4827176 4827985 16463 0.00438857429768614 1 0.221982621032098 BBCMB 0.204667552400452 0.00116195215256282 0.00029278346247924
13055087 4828166 4829703 16463 0.0329043352123084 1 0.906751348212495 BBCMB 0.838589037274113 0.00871200087662833 0.00219521068587506
13055088 4829848 4831458 16463 0.03227530887872 1 0.854508143427361 BBCMB 0.789182435888269 0.00854545510281811 0.00215324523298624
13055089 4831542 4833393 16463 0.0375905567660686 1 0.871775675635665 BBCMB 0.807292983880375 0.00995276036989904 0.00250785166660955
13055090 4833517 4834233 16463 0.0116968631828125 1 1 BBCMB 1 0.00309695004153573 0.000780355502837317
13056004 4841275 4841542 16464 0.0073015446244628 1 0.771421301008606 BBCMB 0.70324805226559 0.00238352341923109 0.000418076806744419
13056005 4844636 4845913 16464 0.0299381389095707 1 0.842423577707096 BBCMB 0.779426682671428 0.00977303555470709 0.00171421831392355
13056007 4846228 4847011 16464 0.0162714855752599 1 0.793668359867446 BBCMB 0.730039474273052 0.00531167977860114 0.000931683784757125
13056008 4847196 4848290 16464 0.0234345392608237 1 0.861514100299305 BBCMB 0.75272569182538 0.00764999407932445 0.00134183078315607
13056011 4848902 4850325 16464 0.0301135176227114 1 0.913642293817131 BBCMB 0.830286320301538 0.00983028635457278 0.00172426026752816
13056012 4850484 4851100 16464 0.0104643432972426 1 0.764769095896609 BBCMB 0.700083338333586 0.00341599053333004 0.000599174483674466
13056017 4856847 4858299 16465 0.0424393461550173 1 0.796488260882554 BBCMB 0.822642967960639 0.0122155132857746 0.00327237131933392
13056020 4858939 4860464 16465 0.0407695407572036 1 0.866616659480595 BBCMB 0.80161778271065 0.0117348854752719 0.00314361760873914
13056021 4860558 4862103 16465 0.0368087802200605 1 0.857452365247143 BBCMB 0.77185371999604 0.0105948414513485 0.00283821518483859
13056022 4862194 4863694 16465 0.0330108168131328 1 0.858288462396472 BBCMB 0.792077339548816 0.00950165607835176 0.00254536556177151
13056023 4863747 4865261 16465 0.0310758227702762 1 0.85508568674201 BBCMB 0.78961109235063 0.0089446977936489 0.00239616394622831
13056024 4865325 4866860 16465 0.000294618180671986 1 0.00857009695341478 BBCMB 0.781859966672714 8.48013135519033e-05 2.27171286066424e-05
13056025 4866894 4867288 16465 0.00551617514105566 1 0.65246734794251 BBCMB 0.601968739737855 0.00158774620316008 0.000425335801783534
13056026 4867597 4868086 16465 0.00756208199290702 1 0.739584090083545 BBCMB 0.681394395297003 0.00217662903464764 0.000583089573002642
13056027 4868310 4869869 16465 0.026578386133228 1 0.860296161431364 BBCMB 0.796043466717436 0.00765017980576288 0.00204938003000489
13056028 4869957 4871450 16465 0.0244974786313208 1 0.87637781373659 BBCMB 0.810824490741953 0.00705122257529174 0.00188892746312144
13056029 4871585 4873119 16465 0.0236888772800225 1 0.867748873705329 BBCMB 0.802582867803807 0.0068184791085663 0.00182657862624026
13056030 4873177 4874748 16465 0.0227518939820783 1 0.855615854915161 BBCMB 0.793125590866905 0.00654878287237127 0.00175433064061655
13056031 4874779 4876286 16465 0.0220079098392897 1 0.905172234717367 BBCMB 0.838785999090598 0.00633463847562576 0.00169696424382976
13056032 4876424 4876835 16465 3.68393355402921e-05 1 0.00580851647542852 BBCMB 0.596603837090982 1.06036363304891e-05 2.84057121438753e-06
13056033 4876866 4878496 16465 0.0210622389680262 1 0.856326351457453 BBCMB 0.795675077372876 0.00606244165502222 0.00162404638535596
13056034 4878535 4878726 16465 0.00146404170799109 1 0.520897325280414 BBCMB 0.484987936200236 0.000421401896003975 0.000112887886586167
13056035 4879401 4880975 16465 0.0193542933422106 1 0.905217340258769 BBCMB 0.843678578140835 0.00557083576629519 0.00149235179561167
13056037 4881170 4882762 16465 0.0186116163611056 1 0.900027682120672 BBCMB 0.838818818971662 0.0053570676159427 0.001435086190161
13056038 4882811 4884419 16465 0.0182884270328675 1 0.91667333633659 BBCMB 0.85614907017038 0.00526404253684529 0.00141016602563778
13056039 4884530 4885839 16465 0.0142733443131541 1 0.91782911232771 BBCMB 0.858174457471503 0.00410836270787259 0.00110057498036692
13056048 4913270 4915192 16468 0.0716457670501479 1 0.989711769163057 BBCMB 0.989828261596052 0.0316367030325082 0.0139684769631085
13056049 4915383 4915454 16468 0.00241422325754676 1 0.957151721998138 BBCMB 0.956730179049023 0.00106605131604944 0.000470691058876354
13056050 4915588 4917223 16468 0.057556339539703 1 0.997592314948467 BBCMB 0.998210398054938 0.0254152184647737 0.0112215199312258
13057005 4931471 4932890 16470 0.0503960807756726 1 0.900505294779097 BBCMB 0.833227537687303 0.0222534548396458 0.00982551408589442
13057006 4933043 4934237 16470 0.0367345234714274 1 0.836516454897009 BBCMB 0.773643218049483 0.0162209054066349 0.00716197712702614
13057007 4934366 4935980 16470 0.0488576524856569 1 0.85882680933286 BBCMB 0.791527973990951 0.0215741293058153 0.00952557312618026
13057008 4936049 4937579 16470 0.0473889129928356 1 0.919311742216856 BBCMB 0.849091587264764 0.0209255763336072 0.00923921910116266
13057009 4937720 4939348 16470 0.045904664040025 1 0.861970147406983 BBCMB 0.795381897899156 0.0202701748314709 0.00894984126129196
13057010 4939394 4940918 16470 0.0442177664428646 1 0.918528202986448 BBCMB 0.850202472474898 0.0195252895364294 0.00862095385879453
13057011 4941045 4941469 16470 0.00876811780733609 1 0.673987896494157 BBCMB 0.6256072722363 0.0038717477758397 0.0017094834299962
13057014 4942333 4943874 16470 0.0411193335653309 1 0.920680457940558 BBCMB 0.852142266550195 0.0181571109984834 0.00801686529845749
13057015 4943991 4945647 16470 0.0404760071602119 1 0.86617334954257 BBCMB 0.801538628523153 0.0178730366243829 0.0078914386272157
13057016 4946272 4947916 16470 0.0393755653051357 1 0.877595500045678 BBCMB 0.81375775080906 0.0173871132599332 0.00767689005952274
13057017 4947962 4949681 16470 0.0395398175011839 1 0.862437071632195 BBCMB 0.798503140837525 0.0174596422893897 0.00770891362645634
13057018 4949762 4951519 16470 0.0400524795797352 1 0.879369184471625 BBCMB 0.816759932914967 0.0176860190678504 0.00780886521786147
13057019 4951614 4952586 16470 0.0204394127374434 1 0.825580498713216 BBCMB 0.772925245434977 0.00902545478340338 0.00398498721861133
13057021 4952971 4954791 16470 0.040211752398577 1 0.911241878141474 BBCMB 0.853029375638221 0.0177563493480374 0.00783991797634871
13057022 4954863 4956812 16470 0.0404443691444366 1 0.875938965779057 BBCMB 0.821238846018943 0.0178590661896897 0.00788527029497905
13057023 4956846 4958837 16470 0.0406959823162414 1 0.883871500174725 BBCMB 0.829542629281439 0.0179701713048026 0.0079343262676998
13057024 4959014 4960959 16470 0.0409239895595042 1 0.934162040856559 BBCMB 0.87352371308733 0.0180708527231384 0.00797877989079675
13057025 4961076 4963082 16470 0.0411996684279122 1 0.935876437589003 BBCMB 0.883275254306047 0.0181925845553352 0.00803252785220634
13057026 4963194 4965279 16470 0.0413727035688676 1 0.937173913043478 BBCMB 0.887139854981393 0.0182689918797869 0.00806626379334788
13057027 4965571 4966219 16470 0.0110182737034272 1 0.822254473078598 BBCMB 0.770316177665931 0.00486535168005435 0.00214818695837005
13057038 4982782 4982981 16472 2.83913853125e-05 1 0 BBCMB 0 9.73930416085966e-06 3.23281568153582e-06
13057039 4983033 4983103 16472 4.0559121875e-05 1 0 BBCMB 0 1.39132916583709e-05 4.61830811647975e-06
13057042 4983392 4984853 16472 0.0418889782879252 1 0.872841769875576 BBCMB 0.803752412750682 0.0143694820116485 0.00476973364991445
13057044 4986562 4988101 16472 0.0419934088192446 1 0.89050434467903 BBCMB 0.819214076211377 0.0144053055791499 0.00478162474489149
13057045 4988219 4989744 16472 0.0409220225444738 1 0.902210450529488 BBCMB 0.831749099115113 0.0140377801241954 0.00465963019225032
13057046 4989873 4991465 16472 0.0397779110394157 1 0.862129765536033 BBCMB 0.793416146950156 0.0136453072026013 0.00452935470289796
13057047 4991540 4992736 16472 0.0288941413198222 1 0.859630153136664 BBCMB 0.792599279375091 0.00991176822417025 0.0032900625360506
13057048 4993066 4994254 16472 0.0289299975667457 1 0.898189501910016 BBCMB 0.82814721202341 0.00992406825430302 0.00329414534624318
13057049 4994520 4996149 16472 0.0371569422910469 1 0.861708003101033 BBCMB 0.794707135784592 0.0127462171597766 0.00423091527215939
13057050 4996269 4997852 16472 0.0362514463880534 1 0.885062767103039 BBCMB 0.816107719809221 0.0124355982900526 0.0041278100054546
13057051 4997949 4999576 16472 0.0354282368330832 1 0.864049775630147 BBCMB 0.797185586122005 0.0121532067069814 0.00403407436243453
13057052 4999655 5001239 16472 0.0349230093639663 1 0.897510520811899 BBCMB 0.828737508323657 0.0119798948400897 0.0039765460922594
13057053 5001324 5003213 16472 0.0376404223537565 1 0.828542460689866 BBCMB 0.765963464676619 0.0129120688550923 0.00428596725047019
13057055 5003665 5005310 16472 0.0324466050165252 1 0.854554062114535 BBCMB 0.789513619841419 0.0111303957790353 0.00369456764280676
13057056 5005400 5007016 16472 0.0317181837666083 1 0.8711579085267 BBCMB 0.803531371346194 0.0108805201202011 0.00361162517228002
13057057 5007115 5008706 16472 0.0312875431674974 1 0.888759357924976 BBCMB 0.820395601473674 0.0107327943318117 0.00356258981642865
13057058 5008782 5009556 16472 0.0151040214511249 1 0.898831074110821 BBCMB 0.82978109781502 0.00518124273773596 0.00171983567775934
13058001 5011491 5011971 16472 0.00977520005130432 1 0.992595368190283 BBCMB 0.994572886254787 0.00335325823255929 0.00111306368703654
13058002 5012172 5013708 16472 0.0286755188942632 1 0.921693738554219 BBCMB 0.851897627649069 0.00983677257758702 0.00326516885798933
13058003 5013816 5015455 16472 0.0281630373667378 1 0.862834830515374 BBCMB 0.79703640477291 0.00966097229808484 0.00320681459663696
13058007 5030335 5030707 16475 0.0147363190226634 1 0.928940611557571 BBCMB 0.934597566173796 0.0054830171529446 0.00194182254507906
13058008 5030910 5032506 16475 0.0587276559527472 1 0.879767705718903 BBCMB 0.813788613416316 0.0218510975804692 0.00773861411206608
13058012 5033447 5035385 16475 0.0711527402568904 1 0.940762665447911 BBCMB 0.947593131649832 0.0264741618790654 0.00937588246851162
13058013 5035540 5037284 16475 0.0553118308766455 1 0.851499068933001 BBCMB 0.78881337659998 0.0205801541749335 0.00728850671871908
13058014 5037421 5039097 16475 0.0533212373056827 1 0.884220638889504 BBCMB 0.819074224485525 0.019839503902817 0.00702620380112886
13058015 5039138 5039985 16475 0.0234971389010121 1 0.804721327375385 BBCMB 0.745335249112911 0.00874269995385087 0.00309624635519005
13058016 5040369 5042070 16475 0.0515416219711042 1 0.899064591565196 BBCMB 0.820993333469864 0.0191773533759365 0.00679170174040812
13058017 5042100 5043757 16475 0.0496831644115632 1 0.917333627794282 BBCMB 0.850314519133371 0.0184858676215014 0.00654681054453761
13058018 5043857 5045582 16475 0.0486547985975809 1 0.88142236760476 BBCMB 0.816224528827447 0.0181032383238528 0.00641130153994098
13058019 5045659 5047434 16475 0.0479475136226676 1 0.872345086396017 BBCMB 0.807692331109735 0.0178400752066927 0.00631810174506887
13058020 5047476 5049180 16475 0.046863978904146 1 0.907995936560009 BBCMB 0.842223495004765 0.0174369189341983 0.00617532306732951
13058022 5049429 5049590 16475 0.00167741487502668 1 0.371804447239802 BBCMB 0.33628289167832 0.000624124282205815 0.000221034982804618
13058023 5049674 5050977 16475 0.0346602454789309 1 0.906430726433624 BBCMB 0.840514518402185 0.0128962137826941 0.00456722238338174
13058025 5051465 5053220 16475 0.0426369338588889 1 0.866639691130106 BBCMB 0.804816511639128 0.0158641407896855 0.00561832023946448
13058026 5053253 5054941 16475 0.041079421809071 1 0.884878590547317 BBCMB 0.820044040687227 0.0152846293613609 0.00541308499666622
13058028 5055151 5056776 16475 0.0406135109505703 1 0.926195820054864 BBCMB 0.859382248325474 0.0151112755390819 0.00535169136046424
13058029 5056896 5058629 16475 0.0408048107357824 1 0.894184038078663 BBCMB 0.811749228084807 0.0151824534229252 0.0053768991640699
13058030 5058659 5058717 16475 0.00124831062287896 1 0.859214977524445 BBCMB 0.797987094687789 0.000464465281114091 0.000164491397549151
13058031 5058782 5060544 16475 0.0393860229027847 1 0.867995660863339 BBCMB 0.805709749405312 0.0146545578193656 0.00518994377876901
13058032 5060581 5061458 16475 0.0186197952022843 1 0.840247131509267 BBCMB 0.778060399099369 0.00692796188257253 0.00245355288881468
13058045 5096569 5096660 16480 0.00356221891693293 1 0.853506548373469 BBCMB 0.857518786832728 0.00125653211365244 0.000440141498562145
13058047 5097064 5097098 16480 2.9438621875e-05 1 0 BBCMB 0 1.03841382661169e-05 3.63738429608447e-06
13058048 5097216 5097244 16480 4.0211679375e-05 1 0 BBCMB 0 1.41842114863864e-05 4.96848431624514e-06
13059002 5099373 5100240 16480 0.0270527638285023 1 0.926133459024027 BBCMB 0.932080879343428 0.00954255403899654 0.00334259187584596
13059003 5100370 5100558 16480 0.00205214510249512 1 0.317247152919036 BBCMB 0.286435663550061 0.000723870790450985 0.000253559436334939
13059004 5100631 5101243 16480 0.0086792229875 1 1 BBCMB 1 0.00306149696569857 0.00107238951371421
13059005 5101364 5102759 16480 0.037831159299444 1 0.85922027360359 BBCMB 0.79056880376854 0.0133445101676629 0.0046743514462994
13059006 5102828 5104277 16480 0.0377724684662082 1 0.855200504615347 BBCMB 0.786920646425923 0.0133238076453144 0.00466709971026222
13059007 5104391 5105818 16480 0.0368296654237262 1 0.873699824416851 BBCMB 0.803653642991137 0.0129912446200336 0.00455060862601289
13059008 5105906 5107013 16480 0.0283563043900696 1 0.896420920709404 BBCMB 0.826218085900271 0.010002363111727 0.00350365505292289
13059009 5107410 5108918 16480 0.0353862138600695 1 0.861168348690946 BBCMB 0.789911622327505 0.0124820835363015 0.00437225829181256
13059010 5108976 5110526 16480 0.0353594926417611 1 0.855042370503395 BBCMB 0.785529487534121 0.0124726579311651 0.00436895666511754
13059011 5110640 5112219 16480 0.0352976565387562 1 0.858240773984828 BBCMB 0.791131917162899 0.0124508459507617 0.0043613163050845
13059012 5112309 5113876 16480 0.0345229634203213 1 0.867109035087838 BBCMB 0.800096595770037 0.0121775817847353 0.00426559658711521
13059013 5113928 5115482 16480 0.0345804981080709 1 0.902755197218524 BBCMB 0.834583176189403 0.0121978764899436 0.00427270547185136
13059014 5115585 5117102 16480 0.0336125475581994 1 0.917473549599473 BBCMB 0.847589460182519 0.0118564429681127 0.00415310720585784
13059015 5117238 5118052 16480 0.0163133064025904 1 0.844760033583304 BBCMB 0.779787564427483 0.00575433286182077 0.00201564342169113
13059016 5118405 5119957 16480 0.0322141330595822 1 0.898363362133061 BBCMB 0.830380942265623 0.0113631681956507 0.00398032157213201
13059017 5120057 5121669 16480 0.0315956836076275 1 0.87224915992644 BBCMB 0.806768887312384 0.0111450172017975 0.00390390704654675
13059018 5121766 5123379 16480 0.031487985547203 1 0.892461183817341 BBCMB 0.805846886364693 0.0111070279387406 0.00389060006378886
13059019 5123458 5123624 16480 0.00186300805654692 1 0.53191206968063 BBCMB 0.491078724736431 0.00065715485365508 0.00023018999588827
13059020 5123670 5125287 16480 0.0305430476855256 1 0.880762532782854 BBCMB 0.813708153994898 0.0107737118803255 0.00377384520503781
13059021 5125333 5126893 16480 0.0302302838919592 1 0.920927919843201 BBCMB 0.85324963490621 0.0106633880176522 0.00373520066128393
13059022 5126982 5128626 16480 0.0294752599451724 1 0.867351523935418 BBCMB 0.804506397897383 0.0103970619276962 0.0036419112315385
13059023 5128683 5128918 16480 0.00413562285947908 1 0.900689464657742 BBCMB 0.836389059926542 0.00145879381758065 0.000510990280301535
13059025 5129449 5131079 16480 0.0282869356685836 1 0.877013598456096 BBCMB 0.810681482492134 0.00997789408602624 0.00349508397581052
13059026 5131112 5132760 16480 0.0280754146725618 1 0.876116047602704 BBCMB 0.810288574937428 0.00990328246601892 0.00346894881389674
13059027 5132796 5133458 16480 0.010266009799917 1 0.810320202101354 BBCMB 0.750229295611177 0.00362121792440902 0.00126845009892867
13059033 5138860 5139197 16481 0.0130592373683937 1 0.926669143060176 BBCMB 0.934137114258411 0.00460649710639489 0.00161357638018287
13059035 5139555 5139886 16481 0.0106842108313182 1 0.806355574228933 BBCMB 0.744286320264737 0.00376873357074401 0.00132012228218113
13059036 5139975 5140038 16481 0.000971968519273695 1 0.355917314080215 BBCMB 0.325502399974672 0.000342850814732676 0.000120094719219753
13059037 5140095 5141757 16481 0.0557406945084824 1 0.871434097327298 BBCMB 0.804630788746472 0.0196618945439498 0.00688722208936608
13059038 5141791 5143466 16481 0.0549781624725539 1 0.883333607543423 BBCMB 0.816119072647595 0.0193929200611412 0.00679300497334331
13059039 5143568 5143915 16481 0.00747537724321339 1 0.621705255568018 BBCMB 0.573314539618064 0.00263685410324295 0.000923644452760973
13059074 5162382 5162668 16484 0.0109534008744028 1 0.924575829652282 BBCMB 0.932238523026478 0.0038766962057581 0.00137175059483381
13059076 5163083 5164642 16484 0.049852181393867 1 0.841230303204665 BBCMB 0.80091568259445 0.0176439961135729 0.00624324447401625
13059077 5164826 5167083 16484 0.0648991781080105 1 0.804955857156179 BBCMB 0.765791846123115 0.022969523384842 0.00812765708063639
13059078 5167232 5169371 16484 0.0634789702138987 1 0.876659203454218 BBCMB 0.838822802155999 0.0224668745164566 0.00794979715878433
13059079 5169533 5171163 16484 0.0463038416255253 1 0.870022896774707 BBCMB 0.824682148302715 0.0163881454901545 0.00579886767783142
13059080 5171276 5172402 16484 0.0328878588475745 1 0.921724120637971 BBCMB 0.88063001311758 0.0116398768813299 0.00411871531538649
13059082 5172962 5175031 16484 0.0562251748929127 1 0.905538424386529 BBCMB 0.859918697773058 0.0198995658676945 0.00704136715056483
13059083 5175209 5177344 16484 0.0546970308220235 1 0.882260677253484 BBCMB 0.838704508301605 0.0193587155519435 0.0068499898274603
13059084 5177479 5177725 16484 0.0059825247973587 1 0.865836231534727 BBCMB 0.828284910506429 0.00211737262688642 0.000749222277490346
13059085 5177844 5179882 16484 0.0526137106264077 1 0.920506016687079 BBCMB 0.881206587101956 0.0186213738267267 0.00658908494957495
13059086 5180064 5182049 16484 0.0469819974568806 1 0.870082131795952 BBCMB 0.830384304687446 0.0166281626472433 0.00588379661229831
13059087 5182126 5183139 16484 0.0248251624253542 1 0.916372397597632 BBCMB 0.876373005799092 0.00878627689109816 0.00310898247168209
13059089 5184002 5184620 16484 0.0146917366131064 1 0.943745661425165 BBCMB 0.956530043193549 0.0051997913923818 0.00183992156128122
13060001 5184796 5186892 16484 0.0459919367788351 1 0.89471594854723 BBCMB 0.857307980914894 0.0162777541742896 0.00575980623345585
13060002 5186970 5189066 16484 0.0448991080807263 1 0.888942344300538 BBCMB 0.851091053542145 0.0158909734003472 0.00562294568814471
13060003 5189123 5190102 16484 0.0194760737007825 1 0.851054680370719 BBCMB 0.817600632693528 0.00689309392440231 0.00243908864383019
13060005 5199929 5200614 16487 0.0230127036098578 1 0.931984515816851 BBCMB 0.938960540927743 0.00813541991300706 0.00280787210991971
13060007 5201408 5202149 16487 0.0222900265859053 1 0.913101828552256 BBCMB 0.737139275668257 0.00787994010711334 0.00271969539264053
13060008 5202281 5203781 16487 0.0413256105775911 1 0.851783193226827 BBCMB 0.810852732429046 0.0146093740618157 0.00504230321362655
13060009 5203822 5205354 16487 0.0410522645108123 1 0.866540332654735 BBCMB 0.82616621644665 0.0145127411293053 0.00500895116554578
13060010 5205416 5205619 16487 0.00242507815870992 1 0.405695276877635 BBCMB 0.385045083944006 0.000857310356811615 0.000295893496116648
13060011 5205664 5207276 16487 0.0417999166099173 1 0.873677593519277 BBCMB 0.834441431333543 0.0147770500900505 0.0051001751917441
13060012 5207435 5208758 16487 0.0328215016977455 1 0.867154403872692 BBCMB 0.82697959841929 0.0116030129711597 0.00400468283888664
13061017 5309229 5309974 16494 0.0252163842628033 1 0.927878469202379 BBCMB 0.950340783259931 0.0105291699635807 0.00439467688507938
13061019 5310272 5311144 16494 0.028656520762584 1 0.926545519179334 BBCMB 0.948954504853621 0.011965608333436 0.00499421915884639
13061024 5311723 5313365 16494 0.0464199709376536 1 0.845609718410036 BBCMB 0.818681059051808 0.0193827853594381 0.00809000890689487
13061025 5313417 5314784 16494 0.0373146340352124 1 0.849787550176038 BBCMB 0.793713243573744 0.0155808271237807 0.00650314327227473
13061026 5314820 5314905 16494 0.001747992248125 1 1 BBCMB 1 0.00072987892648347 0.000304637693020263
13061029 5315282 5316925 16494 0.0424897508213842 1 0.844815482974917 BBCMB 0.822567684215411 0.0177417112400399 0.00740505553220661
13061030 5316969 5318694 16494 0.040616614845269 1 0.78926407179716 BBCMB 0.765286624185188 0.0169595782089175 0.00707860796180744
13061031 5318796 5320587 16494 0.0412149404817311 1 0.793485183612611 BBCMB 0.7358559590294 0.0172094107088596 0.00718288333360168
13061035 5321208 5322139 16494 0.0200344408334837 1 0.8275063087307 BBCMB 0.881956444692912 0.00836543536387241 0.00349157488713703
13061053 5340848 5342692 16496 0.0567300074587229 1 0.871207940294959 BBCMB 0.848070025247394 0.0185751437840146 0.00607224930657855
13061054 5342768 5344905 16496 0.06511226816642 1 0.898674368857994 BBCMB 0.854530794729466 0.0213197529398279 0.00696946718209018
13061055 5345060 5347351 16496 0.0612684160983891 1 0.827423661015808 BBCMB 0.803850885384644 0.0200611579202502 0.00655803011200564
13061056 5347525 5349132 16496 0.0449613977516992 1 0.890911013529683 BBCMB 0.868140436893891 0.0147217401403614 0.00481256443548339
13061059 5349685 5351501 16496 0.0480687792201639 1 0.857826994373332 BBCMB 0.837631620855528 0.0157391921054525 0.00514517138923514
13061060 5351553 5355293 16496 0.0545584113649992 1 0.52296939520537 BBCMB 0.528590911399515 0.0178640966417932 0.00583980666352271
13061061 5355398 5357448 16496 0.0442534562050556 1 0.891128935488258 BBCMB 0.872786443357092 0.0144899383725024 0.00473678800325161
13062001 5357590 5359189 16496 0.034274036812434 1 0.870991674650747 BBCMB 0.852417249260687 0.0112223704943595 0.00366861394156134
13062002 5359308 5360091 16496 0.0159315260672815 1 0.844263326038286 BBCMB 0.828352386005716 0.00521647009501718 0.00170527384797502
13062004 5360887 5362506 16496 0.0325971370393363 1 0.855356680740339 BBCMB 0.837660041890365 0.0106733020949003 0.00348912245300825
13062005 5362552 5364197 16496 0.0321782421119789 1 0.853221039563804 BBCMB 0.835553776798647 0.010536143052365 0.00344428490501346
13062006 5364240 5365866 16496 0.0307125454311394 1 0.855892773138892 BBCMB 0.838042279962414 0.010056229020798 0.00328740010889638
13062007 5365901 5367553 16496 0.0301454471395503 1 0.840959215494731 BBCMB 0.82421530408996 0.00987054365289807 0.00322669921421786
13062013 5383216 5384868 16497 0.0505523401517626 1 0.849734740826477 BBCMB 0.821859057404864 0.0200889967277642 0.0075120424611014
13062014 5384905 5385096 16497 0.000605897256101296 1 0.250375511056491 BBCMB 0.885019457730813 0.00024077753786747 9.00359093413614e-05
13062023 5389822 5390160 16498 0.0141320336133947 1 0.92019528605715 BBCMB 0.936876164996428 0.00447439417897825 0.00141294528266779
13062025 5390521 5392169 16498 0.0615320078129921 1 0.898663431247657 BBCMB 0.869632233525537 0.0194818711242196 0.00615207708606349
13062026 5392233 5394066 16498 0.0631442502395929 1 0.901004783821984 BBCMB 0.872247710427772 0.0199923290191009 0.00631327188601241
13062027 5394161 5395785 16498 0.0529032004548416 1 0.902358520902074 BBCMB 0.791012167949813 0.0167498732765611 0.00528935392920716
13062028 5395823 5397491 16498 0.0511706908343475 1 0.883595525297071 BBCMB 0.841713205870104 0.0162013371512567 0.00511613460618392
13062029 5397593 5399287 16498 0.0505811903310915 1 0.889445275856405 BBCMB 0.859197843144643 0.016014693268824 0.00505719532129457
13062031 5399438 5400512 16498 0.0268692701 1 1 BBCMB 1 0.00850717660442606 0.00268643632438983
13062036 5401104 5401786 16498 0.0200803334201779 1 0.928772010279653 BBCMB 0.951714377899301 0.00635770685416618 0.00200766663571651
13062042 5402442 5402642 16498 0.00568274103090202 1 0.914698246510044 BBCMB 0.937772198242545 0.00179923315248901 0.000568170325085076
13062044 5403203 5403579 16498 0.0104956356938627 1 0.9269948394463 BBCMB 0.948619830354485 0.00332306110627872 0.001049371898478
13062045 5403705 5404342 16498 0.014190961324155 1 0.74249771287059 BBCMB 0.722554888225593 0.0044930514942111 0.00141883697760816
13062046 5404435 5405314 16498 0.0209981041759925 1 0.808796917298734 BBCMB 0.787571698015648 0.00664828556631708 0.0020994269510026
13062047 5405341 5406562 16498 0.0332575291221027 1 0.931294151268609 BBCMB 0.955983467583999 0.0105297863550291 0.00332514556445169
13062049 5406993 5408564 16498 0.0383723244218245 1 0.85639759378366 BBCMB 0.835157822297073 0.012149200159285 0.00383653168822254
13062050 5408667 5410147 16498 0.0374994572649004 1 0.906711654768987 BBCMB 0.88542429589503 0.0118728385376808 0.00374926091279765
13062052 5410703 5411153 16498 0.0076797987 1 1 BBCMB 1 0.00243152879048031 0.000767839621802076
13062053 5411274 5411912 16498 0.0159400299881358 1 0.921306681845069 BBCMB 0.948575720711455 0.00504683043805193 0.00159371190257942
13062057 5412650 5412944 16498 0.00715330819908368 1 0.91901396544145 BBCMB 0.944793718578479 0.00226483473235448 0.000715200186460369
13062059 5413188 5415081 16498 0.0427713802494161 1 0.863236949238406 BBCMB 0.844540284833684 0.0135420011054503 0.00427635693558797
13062060 5415136 5415481 16498 0.00779349062163646 1 0.885918329976195 BBCMB 0.867891760126167 0.00246752520021747 0.000779206737728082
13062061 5415514 5416629 16498 0.0246543554587957 1 0.87289130752641 BBCMB 0.825565651781241 0.00780590448403251 0.00246498530895812
13062062 5416669 5418737 16498 0.0440603555426712 1 0.85015291666042 BBCMB 0.83178264031004 0.0139501082262486 0.00440523092569466
13062063 5418784 5420611 16498 0.0393110240921968 1 0.879189889768956 BBCMB 0.862132887437055 0.0124464052506274 0.00393038451276134
13063006 5452977 5453339 16502 0.00718916210229791 1 0.749019334035774 BBCMB 0.73268637995464 0.00258641397209249 0.000895493763473188
13063008 5453517 5454111 16502 0.0195652863909775 1 0.915924183313877 BBCMB 0.937244934258707 0.00703891905197694 0.00243708400149818
13063009 5454185 5455736 16502 0.0455045743034474 1 0.8421791834297 BBCMB 0.816534541890712 0.0163709852550046 0.00566812403426188
13063010 5455786 5457328 16502 0.0447660179033146 1 0.863965264347842 BBCMB 0.818533707156377 0.0161052779910286 0.00557612824380936
13063011 5457367 5458914 16502 0.0432533944538594 1 0.858412455315561 BBCMB 0.827026021061247 0.0155610879493358 0.00538771339849138
13063012 5458954 5459372 16502 0.00912306484985574 1 0.682636043076337 BBCMB 0.65013933633841 0.00328216585746907 0.00113638384564955
13063017 5459647 5460010 16502 0.0105614096824258 1 0.931218357061356 BBCMB 0.942907333094072 0.00379963300019173 0.00131554642523287
13063019 5460530 5461070 16502 0.0155311295931048 1 0.929614457738116 BBCMB 0.945490262318441 0.00558756778750972 0.00193458284740495
13063020 5461136 5461436 16502 0.00531923406026771 1 0.574550332472703 BBCMB 0.557550330211786 0.00191367799175222 0.000662572475017828
13063022 5461800 5463349 16502 0.0403189786995248 1 0.868141621656727 BBCMB 0.8325289653043 0.0145053857967145 0.00502219778345132
13063023 5463404 5464933 16502 0.0393591256969477 1 0.881212722942882 BBCMB 0.845534005214736 0.014160063604546 0.00490263692706389
13063025 5465116 5465676 16502 0.0149987331937603 1 0.935061919825538 BBCMB 0.946925086332689 0.00539602982156008 0.00186826668308363
13063029 5466336 5466978 16502 0.0169398343966707 1 0.93391138650996 BBCMB 0.948038423043261 0.00609437146430148 0.00211005341660588
13063030 5467089 5468682 16502 0.0380105871988108 1 0.858892714630405 BBCMB 0.82338468166644 0.0136749057010441 0.00473466077105273
13063031 5468764 5470240 16502 0.0368652386955097 1 0.918817434821006 BBCMB 0.883146628757193 0.0132628485892833 0.00459199429238456
13063032 5470297 5471794 16502 0.0355962303176339 1 0.894137438289453 BBCMB 0.859765362384483 0.0128063028955659 0.00443392453793852
13063033 5471865 5471911 16502 0.000888382425530261 1 0.803448964644783 BBCMB 0.765990197264648 0.000319609529630504 0.00011065836467747
13063034 5472250 5474324 16502 0.04486940924625 1 1 BBCMB 1 0.0161424746504106 0.00558900683820998
13063035 5474358 5476363 16502 0.0430962181125 1 1 BBCMB 1 0.0155045412920773 0.0053681352569152
13063036 5476397 5478885 16502 0.0532859833589464 1 0.884175325956908 BBCMB 0.851134148049097 0.0191704693697496 0.00663738904471503
13063051 5490134 5491664 16504 0.0453462875025 1 1 BBCMB 1 0.0160245549682653 0.00527079126294439
13063052 5491704 5492136 16504 0.0129402258807737 1 0.929128969309917 BBCMB 0.941026994711635 0.00457284096116569 0.00150409732018633
13063053 5492190 5494175 16504 0.0521401036525 1 1 BBCMB 1 0.0184253662879122 0.00606046531958015
13063054 5494211 5496160 16504 0.04557601245625 1 1 BBCMB 1 0.0161057355974127 0.00529749316834379
13063059 5506727 5508436 16505 0.0555328120854041 1 0.869596845168164 BBCMB 0.833246415667486 0.0188581038834126 0.00623486354087254
13063061 5509226 5511323 16505 0.0587185760514776 1 0.886507232342488 BBCMB 0.851149162447169 0.0199399411893976 0.00659254043235338
13063062 5511446 5513648 16505 0.0557775983672041 1 0.87989896537653 BBCMB 0.843721520772185 0.0189412296059912 0.00626234655508319
13063063 5513691 5514178 16505 0.0112520178896044 1 0.84111851131233 BBCMB 0.807445545722095 0.00382101525731935 0.00126330350412021
13063064 5514241 5514720 16505 0.0120851037407142 1 0.933548433502194 BBCMB 0.945492420041435 0.00410391862442901 0.00135683697387342
13063065 5514792 5515900 16505 0.0248936097075 1 1 BBCMB 1 0.00845349371422432 0.00279489285230698
13063067 5516927 5518035 16505 0.02357853355 1 1 BBCMB 1 0.00800691372193806 0.00264724464073689
13063068 5518257 5520319 16505 0.0450112784361268 1 0.89368487301437 BBCMB 0.857286726239093 0.0152851500364915 0.00505357406388629
13063070 5520593 5520875 16505 0.00613930160206957 1 0.928090623883086 BBCMB 0.941529875662202 0.00208481405921562 0.000689280918572907
13063071 5520944 5521572 16505 0.01201001292 1 1 BBCMB 1 0.00407841891633678 0.00134840626412285
13063072 5521817 5523195 16505 0.0277539013179548 1 0.884514307267297 BBCMB 0.849387358054681 0.00942480552612853 0.00311602782114057
13063073 5523315 5525460 16505 0.0418859975205748 1 0.881601970241839 BBCMB 0.845971516481885 0.0142238518605647 0.00470268781657375
13063074 5525546 5527329 16505 0.0333299779904287 1 0.868845814557852 BBCMB 0.82536997373836 0.0113183569095822 0.00374207350189686
13063076 5527576 5529949 16505 0.0437778760041175 1 0.88729651332346 BBCMB 0.855959795127289 0.0148663052072919 0.00491509564786926
13064001 5529996 5531735 16505 0.0306301272020447 1 0.871467743163988 BBCMB 0.841352651685538 0.0104015283765923 0.00343895178674935
13064002 5531774 5534429 16505 0.0458308531072337 1 0.878990314634419 BBCMB 0.850267580890473 0.0155634652110261 0.00514559058608308
13064003 5534486 5536058 16505 0.0263517591466967 1 0.883018298813593 BBCMB 0.854487812801724 0.0089486592311375 0.00295860440290538
13064004 5536103 5537644 16505 0.0256565645915346 1 0.897821025581575 BBCMB 0.870464639797986 0.00871258166459418 0.0028805524724696
13064005 5537796 5538497 16505 0.00999364062588664 1 0.784403177329326 BBCMB 0.759447877617956 0.00339368935264124 0.00112202107617201
13064006 5538732 5539001 16505 0.00382144603165131 1 0.797625215889465 BBCMB 0.776162330972877 0.00129770533029925 0.000429047146028053
13064009 5546047 5546467 16506 0.0183453389990176 1 0.924014738760711 BBCMB 0.931431433031234 0.00622979992599411 0.00205969553809045
13064012 5547347 5548112 16506 0.0263383595604796 1 0.869850799690648 BBCMB 0.831360185830348 0.00894410893412591 0.0029570999843746
13064014 5548734 5550607 16506 0.0477522970425 1 1 BBCMB 1 0.0162159585384247 0.00536131783431605
13064020 5552340 5553932 16506 0.0424145616887887 1 0.868504164261565 BBCMB 0.829255356346409 0.0144033442654855 0.00476203156917069
13064021 5553989 5555501 16506 0.04068739457505 1 0.920716298298232 BBCMB 0.882733349310895 0.0138168244111549 0.00456811646093013
13064022 5555569 5557020 16506 0.0356717766290467 1 0.876418124244863 BBCMB 0.841105084061276 0.0121135963426794 0.00400499544666582
13064023 5557170 5558735 16506 0.0367962880270073 1 0.875395312567691 BBCMB 0.840088274044235 0.0124954634220596 0.00413124828445941
13064024 5558786 5561074 16506 0.0543091509177731 1 0.922304657436229 BBCMB 0.886168175277372 0.0184425670404054 0.00609747881076539
13064025 5561124 5563158 16506 0.043906176415 1 1 BBCMB 1 0.0149098740882084 0.0049295003848896
13064026 5563210 5564559 16506 0.0293855157442059 1 0.914539739377232 BBCMB 0.881207919763526 0.00997887713158943 0.00329921489409755
13064027 5564738 5566754 16506 0.0435762535551591 1 0.933913080127282 BBCMB 0.949045421369757 0.0147978372701408 0.00489245878852745
13064028 5566805 5568459 16506 0.0320230219511463 1 0.855779132973341 BBCMB 0.82548085365811 0.0108745343867476 0.00359533696447258
13064029 5568506 5570903 16506 0.046061406015625 1 1 BBCMB 1 0.0156417574950614 0.00517147556955124
13064030 5570947 5570969 16506 0.000291249586922906 1 0.643630499884819 BBCMB 0.628223376708434 9.89039589377605e-05 3.26996124022521e-05
13064031 5571010 5573181 16506 0.0423240364801047 1 0.920609104153569 BBCMB 0.875598219254555 0.0143726032724523 0.00475186798656144
13064032 5573255 5574643 16506 0.0264132541040137 1 0.918070759125511 BBCMB 0.888088862886212 0.00896954198945356 0.00296550865739791
13064052 5582718 5583399 16507 0.00505018530125 1 1 BBCMB 1 0.00179493920810644 0.000533231049530169
13064054 5583475 5583504 16507 6.09385231518737e-05 1 0.06720190445072 BBCMB 0.068007402561131 2.16587982350522e-05 6.43428126271907e-06
13064055 5583560 5586091 16507 0.06604450402 1 1 BBCMB 1 0.0234735683294828 0.0069734035671062
13064056 5586132 5587942 16507 0.0458901084071245 1 0.91539908397768 BBCMB 0.884243198359001 0.0163102836689606 0.00484537283472104
13064057 5587977 5589853 16507 0.0436347317701227 1 0.874829189545604 BBCMB 0.837642943827169 0.0155086766558873 0.00460723566162827
13064059 5592674 5593059 16507 0.00830913034939323 1 0.891406578719402 BBCMB 0.867969843288081 0.00295323497252695 0.000877331430946359
13064061 5593452 5594430 16507 0.0212536631427224 1 0.917686561840805 BBCMB 0.891697833335958 0.00755398683713974 0.00224409846924813
13064063 5594837 5594863 16507 6.522087e-05 1 0 BBCMB 0 2.31808319431046e-05 6.88643898923128e-06
13064064 5594935 5597330 16507 0.0487903799118335 1 0.894598857764482 BBCMB 0.868734659807621 0.0173410995157905 0.00515160215624625
13064065 5597376 5600103 16507 0.0538886142489075 1 0.911405393465995 BBCMB 0.889910204407929 0.0191531163345523 0.00568990653205517
13064066 5600152 5601914 16507 0.0335327660237108 1 0.916463260242062 BBCMB 0.896161348404042 0.0119182312928835 0.00354060513701292
13064067 5602166 5602432 16507 0.00194628103244037 1 0.353156903558331 BBCMB 0.342591105144005 0.000691748109570636 0.000205500870899126
13064068 5602489 5603891 16507 0.0236075328619949 1 0.845238205859669 BBCMB 0.827239951253275 0.00839060030731302 0.00249263517552588
13064070 5604208 5606520 16507 0.0400230255184786 1 0.905813842139283 BBCMB 0.891349820638205 0.0142250023404845 0.00422588848320253
13064074 5606932 5609088 16507 0.0354384612280641 1 0.900061718819619 BBCMB 0.886842104769977 0.012595554368563 0.00374182069511341
13064075 5609166 5611992 16507 0.031635594744436 1 0.63811405613421 BBCMB 0.870217264238525 0.011243937794619 0.00334028958975255
13064076 5612063 5612086 16507 5.6753582200874e-05 1 0.0939693234310798 BBCMB 0.0941679550866848 2.01713845762504e-05 5.99240827739098e-06
13065004 5624114 5624482 16509 0.0133810630939724 1 0.931270392590254 BBCMB 0.940598252822506 0.00411168415973024 0.00111979195891182
13065005 5624615 5626276 16509 0.0556524511855773 1 0.926151672182738 BBCMB 0.890929426561056 0.0171006817905951 0.00465726578625983
13065006 5626328 5628017 16509 0.0489851001218915 1 0.878897846465135 BBCMB 0.844896377738088 0.0150519625249139 0.00409930966155397
13065007 5628074 5629646 16509 0.0446954952570011 1 0.91724262291198 BBCMB 0.881318783245248 0.0137338684205361 0.00374033481771087
13065008 5629697 5631373 16509 0.042551379416499 1 0.861884187718137 BBCMB 0.816693896831594 0.0130750323418101 0.00356090485311776
13065009 5631432 5633085 16509 0.0402098524233758 1 0.86491819097047 BBCMB 0.832230973817059 0.0123555364856443 0.00336495457023961
13065012 5633901 5634486 16509 0.0146124857483751 1 0.932059537278092 BBCMB 0.949447449674233 0.00449007121212528 0.00122284335152075
13065013 5634558 5634835 16509 0.00423641207525881 1 0.586029577359057 BBCMB 0.563668148712274 0.00130174921839939 0.000354523414410074
13065014 5635263 5636885 16509 0.0363064422968322 1 0.868178163892334 BBCMB 0.837076625304383 0.011156110888924 0.00303829836651783
13065015 5636961 5638604 16509 0.0353639808565374 1 0.861918636804632 BBCMB 0.828101946703551 0.0108665147822468 0.00295942864331161
13065016 5638643 5640301 16509 0.0345956946191582 1 0.859645328719723 BBCMB 0.831642796372321 0.0106304385953111 0.00289513474194384
13065017 5640345 5641988 16509 0.0331513112253717 1 0.856427415585489 BBCMB 0.828398797723851 0.0101866137452897 0.00277426176656146
13065018 5642025 5643609 16509 0.031251442915 1 1 BBCMB 1 0.00960282915489735 0.00261527161443341
13065019 5643650 5645630 16509 0.0390145435105214 1 0.88313578221938 BBCMB 0.855356516404785 0.0119882463317565 0.00326492534986825
13065020 5645742 5647620 16509 0.035326009554375 1 1 BBCMB 1 0.0108548470993034 0.00295625102143417
13065021 5647658 5649503 16509 0.03424552501 1 1 BBCMB 1 0.0105228397576789 0.00286583085855006
13065022 5649547 5650616 16509 0.0200324210783529 1 0.900489550853126 BBCMB 0.873480539647814 0.00615548913045724 0.00167640970553228
13065025 5650825 5652227 16509 0.0269106475867397 1 0.936530944119817 BBCMB 0.958095494406607 0.00826900543203644 0.00225201290548543
13065046 5673688 5676169 16511 0.0805670799396111 1 0.925095176524832 BBCMB 0.890192420630532 0.0287507918989863 0.0101130100294496
13065047 5676312 5678006 16511 0.0465641098788184 1 0.873039817435739 BBCMB 0.837112724187981 0.016616650796962 0.00584486009136545
13065048 5678066 5680131 16511 0.0560482929070109 1 0.923965993453946 BBCMB 0.889325485377062 0.020001132061268 0.00703534183846536
13065049 5680212 5682293 16511 0.0528461865750654 1 0.922601448763897 BBCMB 0.889623214128604 0.0188584433494865 0.00663340430424418
13065050 5682342 5684551 16511 0.0505720712237692 1 0.881624536892559 BBCMB 0.851111293714843 0.0180469131653417 0.00634795084889961
13065051 5685335 5686694 16511 0.0287573987340222 1 0.909927454136241 BBCMB 0.377242200310497 0.0102622310151711 0.00360971084015995
13065052 5686825 5688479 16511 0.0334451345999997 1 0.875030140908748 BBCMB 0.848100114116132 0.0119350745445773 0.00419812883748063
13065053 5688538 5690620 16511 0.0402163589425514 1 0.870281583072842 BBCMB 0.839859609125493 0.0143514220418426 0.00504807226026827
13065055 5691403 5693120 16511 0.0310006665 1 1 BBCMB 1 0.0110627530740774 0.00389129221847326
13065056 5693183 5695327 16511 0.0393252409964388 1 0.911469276154842 BBCMB 0.876090191714119 0.0140334218531137 0.00493621659002164
13065058 5695624 5697212 16511 0.0268062465516235 1 0.876152497444035 BBCMB 0.850972518663814 0.00956595195924096 0.00336479664438209
13065059 5697262 5698949 16511 0.0275092464293027 1 0.871741251586745 BBCMB 0.854178151292143 0.00981682121258014 0.00345303919728335
13065060 5699015 5701599 16511 0.0398855510429187 1 0.86680586485528 BBCMB 0.853074294391062 0.0142333714796526 0.00500654830768969
13066003 5706492 5706636 16512 0.00217947782762687 1 0.392999739605937 BBCMB 0.404715411360247 0.000588602259639475 0.000154766653506774
13066004 5706693 5706982 16512 0.00446712159759127 1 0.478549251168203 BBCMB 0.491368965856979 0.00120641643291665 0.000317214266510721
13066009 5709344 5709954 16512 0.0167600260074474 1 0.920588047342452 BBCMB 0.944550962485708 0.00452630857472013 0.00119014431116443
13066012 5710342 5710750 16512 0.0105587514017172 1 0.915674645202288 BBCMB 0.94416196539967 0.00285155685239952 0.000749786301534931
13066015 5711237 5711802 16512 0.0137843999282415 1 0.915494825664043 BBCMB 0.94814597125686 0.00372269396031049 0.000978842464213496
13066019 5712665 5712921 16512 0.00574033383536528 1 0.906235532556249 BBCMB 0.939601333467273 0.00155026741898996 0.000407626196720039
13066021 5713290 5714823 16512 0.0304693629706082 1 0.838591995413165 BBCMB 0.824081848592192 0.00822873060094547 0.00216365648765462
13066022 5714899 5716422 16512 0.0289106355466714 1 0.842696151471344 BBCMB 0.832060272533959 0.00780777174912259 0.00205296987085402
13066023 5716486 5717979 16512 0.0274418226928997 1 0.852874938072032 BBCMB 0.842321842150053 0.00741109574087942 0.00194866816742559
13066024 5718034 5719580 16512 0.0266044094086683 1 0.831362572143643 BBCMB 0.80589195729557 0.00718493911514883 0.00188920270741505
13066025 5719787 5721320 16512 0.0253350060953579 1 0.833308498273609 BBCMB 0.828594646847704 0.00684211678902225 0.00179906125231
13066026 5721406 5722909 16512 0.0245131584610779 1 0.85099956362843 BBCMB 0.846313468214597 0.00662016391183088 0.0017407011229076
13066027 5722969 5724530 16512 0.0240770350999696 1 0.830255862340437 BBCMB 0.827067311476241 0.00650238194012373 0.00170973161623987
13066028 5724569 5726149 16512 0.0235891418507977 1 0.830493418949407 BBCMB 0.821894247522326 0.00637061869606352 0.00167508588390631
13066029 5726212 5727788 16512 0.0229932604406924 1 0.837074521818725 BBCMB 0.827258270009962 0.0062096915510294 0.00163277181649076
13066030 5727853 5729385 16512 0.0226681518970548 1 0.872682210624617 BBCMB 0.863087139253345 0.00612189087648824 0.00160968557047007
13066031 5729488 5731028 16512 0.0219250519202236 1 0.861636761398591 BBCMB 0.867741397002593 0.00592120504249784 0.00155691738206397
13066033 5731219 5732836 16512 0.0218887703117751 1 0.84369264589351 BBCMB 0.850631329087464 0.00591140662360802 0.00155434099287008
13066034 5732891 5734552 16512 0.022889828325 1 1 BBCMB 1 0.00618175808171666 0.00162542701022207
13066035 5734599 5736418 16512 0.0232286528978961 1 0.834822168431716 BBCMB 0.848810722591586 0.00627326298564367 0.00164948724364509
13066036 5736455 5737053 16512 0.00798302005426613 1 0.885405869636035 BBCMB 0.889437701702623 0.00215594009864492 0.000566881334150356
13068004 5876454 5876561 16523 0 1 0.22787610619469 BBCMB 1 0 0
13068005 5876588 5876707 16523 0 1 0.91866028708134 BBCMB 0.993150684931507 0 0
13068015 5881813 5881957 16523 0.000713118044812051 1 0.145948172428184 BBCMB 0.148236247433822 0.000213007322398604 6.34544961932716e-05
13068016 5882109 5882290 16523 0.000882265930956793 1 0.149014835241015 BBCMB 0.151295754242408 0.000263531549879864 7.85055722045375e-05
13068019 5884251 5884341 16523 0.00249203222329303 1 0.921478830522868 BBCMB 0.933349989678589 0.000744366399190743 0.000221745404392529
13068022 5885150 5886324 16523 0.0320574768984272 1 0.91765849189194 BBCMB 0.882595323588206 0.00957552170593131 0.00285253060221365
13068023 5886529 5887383 16523 0.0144214244885587 1 0.57823212494528 BBCMB 0.87670065925204 0.00430765851155986 0.00128324368169927
13068057 5925074 5926659 16525 0.0628551722201912 1 0.909603063460659 BBCMB 0.882823132515681 0.0187747484878955 0.00559296362697531
13068058 5926758 5928497 16525 0.0642720479210862 1 0.916658320428765 BBCMB 0.891232297394199 0.0191979671981987 0.00571903971553156
13068059 5928545 5930378 16525 0.0635917757957593 1 0.916758964178117 BBCMB 0.892360029086277 0.0189947709041595 0.00565850790694675
13068060 5930454 5932170 16525 0.0497342146962728 1 0.813551667765564 BBCMB 0.894382137925167 0.0148555375664943 0.00442543778001264
13068084 5951074 5951287 16529 0.00757011508310827 1 0.870576070535206 BBCMB 0.841369077467999 0.00218859646373491 0.000631432242740048
13068085 5951323 5952846 16529 0.0545708730734312 1 0.909641395455364 BBCMB 0.878625574358812 0.0157769886613664 0.00455182099542017
13068086 5952902 5954495 16529 0.0533418336598448 1 0.912049121863599 BBCMB 0.85872266446168 0.0154216609966169 0.00444930536589316
13068087 5954541 5956471 16529 0.0607732964090123 1 0.908575834288494 BBCMB 0.881803211065436 0.0175701716750738 0.00506917245364941
13068088 5956506 5958633 16529 0.0637075993504711 1 0.908925347771072 BBCMB 0.884809042609512 0.0184185081892087 0.00531392612870758
13068090 5958875 5961507 16529 0.0745014479451233 1 0.905436642214657 BBCMB 0.854409257536577 0.0215391184580087 0.00621425379230226
13069001 5961752 5965542 16529 0.100007782527068 1 0.903027279106427 BBCMB 0.887503500438487 0.0289132565069064 0.0083417672940577
13069002 5965612 5967325 16529 0.0430619065921972 1 0.899153744138537 BBCMB 0.873646113362268 0.0124496306138941 0.00359184450403482
13069003 5967402 5968425 16529 0.0248988244756689 1 0.895545873312389 BBCMB 0.863994178720123 0.00719850076258421 0.00207684036605253
13069004 5968764 5970654 16529 0.0446810802704512 1 0.89798183042885 BBCMB 0.878979416502951 0.0129177500212604 0.00372690169349908
13069005 5970715 5972219 16529 0.0346333429764128 1 0.896044406737102 BBCMB 0.890708464520304 0.010012848039078 0.00288880805497642
13069006 5972686 5974278 16529 0.0355164895716934 1 0.900022451045305 BBCMB 0.877732683107589 0.0102681746086441 0.00296247235587596
13069007 5974335 5976083 16529 0.0382298124699571 1 0.897753170104599 BBCMB 0.838585321322877 0.0110526235681271 0.00318879382445595
13069008 5976151 5977718 16529 0.0333428674351156 1 0.89308346491358 BBCMB 0.869758680865217 0.00963975857145265 0.00278116796545377
13069013 5984944 5986634 16530 0.0622155888025999 1 0.905767961598846 BBCMB 0.870106618908319 0.0193709735132585 0.00602345338661744
13069014 5986690 5988627 16530 0.0651562969113082 1 0.89382368639034 BBCMB 0.860606129866604 0.0202865700700114 0.00630816046015578
13069016 5989139 5990786 16530 0.0528028812709528 1 0.910167203105645 BBCMB 0.891865100454375 0.016440304338655 0.00511215436735348
13069017 5990823 5992591 16530 0.0541560315834221 1 0.907598434321995 BBCMB 0.870835859433816 0.0168616109495346 0.00524316072748143
13069018 5992635 5994296 16530 0.04910124039927 1 0.91030462661111 BBCMB 0.893637071372279 0.0152877895323021 0.00475377696269172
13069020 5994609 5994961 16530 0.00987316354963222 1 0.899447385180062 BBCMB 0.882310965485995 0.00307403326550215 0.000955878447254604
13069021 5995343 5997186 16530 0.0515540438197342 1 0.911771227928374 BBCMB 0.893530707375826 0.0160514757885199 0.00499124714265865
13069022 5997236 5999129 16530 0.0510449823949367 1 0.908958163542516 BBCMB 0.893841469542274 0.0158929782870711 0.00494196194224173
13069023 5999309 6001164 16530 0.048228175486918 1 0.905741405657252 BBCMB 0.893673557653741 0.0150159586677549 0.00466925046532578
13069024 6001216 6001920 16530 0.0177358277266273 1 0.899964155136569 BBCMB 0.885764003253939 0.00552209270603022 0.00171710874461663
13069026 6002428 6003998 16530 0.039238197331238 1 0.90855960819904 BBCMB 0.893419689247886 0.0122169073031365 0.0037988783381848
13069027 6004106 6005142 16530 0.0253204357674288 1 0.905153123201841 BBCMB 0.890098505356836 0.00788357869843916 0.00245141880852175
13069029 6006654 6006793 16530 0.00261567331366461 1 0.793217535153019 BBCMB 0.790169490951079 0.000814396189982163 0.000253238562596704
13069030 6006829 6008716 16530 0.0425805634302208 1 0.886789279831591 BBCMB 0.890396197667756 0.0132575610431571 0.00412247226031435
13069031 6008771 6009076 16530 0.00647273606786263 1 0.862876675187853 BBCMB 0.857579949291568 0.00201530197402295 0.000626663264609637
13069035 6009469 6011267 16530 0.0375343916277099 1 0.862741448965191 BBCMB 0.888067358343466 0.0116864232911713 0.00363392298804551
13069036 6011292 6012241 16530 0.019747722499102 1 0.880367970562355 BBCMB 0.879412338816953 0.00614850099210664 0.00191189199129185
13069064 6028949 6029203 16532 0.00987328493553622 1 0.913471898569245 BBCMB 0.933525396681842 0.00369446958136805 0.00135173680370003
13069066 6029504 6031581 16532 0.0770703952148537 1 0.908737468209431 BBCMB 0.883684274252816 0.0288388548091493 0.010551593554508
13069067 6031673 6033982 16532 0.0808607823458874 1 0.910388984836486 BBCMB 0.88656746101115 0.0302571740462263 0.011070529837492
13069068 6034050 6036063 16532 0.0681721757558087 1 0.925081960063097 BBCMB 0.887195885909666 0.0255092435060807 0.00933335151969145
13069069 6036139 6036765 16532 0.0200557478751314 1 0.905248213817262 BBCMB 0.86794491663925 0.00750463001321614 0.00274580270958943
13069072 6038480 6038834 16532 0.011054480238758 1 0.934375258121231 BBCMB 0.948274011282718 0.00413645926827569 0.00151345250158045
13069073 6038897 6041235 16532 0.0706769517424057 1 0.916490084600335 BBCMB 0.88800484650745 0.0264465018502936 0.0096762766867674
13069074 6041304 6041352 16532 0.000207596234405647 1 0.134011908593499 BBCMB 0.511888491359757 7.76801214819352e-05 2.84216926978024e-05
13070004 6073744 6074148 16534 3.47898218735692e-05 1 0.00207675812569129 BBCMB 0.00331248870262922 1.03080093939885e-05 3.04618094386913e-06
13070014 6084190 6084597 16534 0.0122721630926358 1 0.897954902032328 BBCMB 0.85929670334066 0.00363616614374089 0.00107454500597033
13070015 6084635 6084719 16534 0.00214761865700113 1 0.777788587828963 BBCMB 0.742550081363264 0.000636326146524229 0.000188044510587875
13070016 6085577 6087312 16534 0.0518367297141824 1 0.921367182264161 BBCMB 0.884478551853393 0.0153589029225062 0.00453880042334454
13070017 6087360 6089135 16534 0.0517096573219446 1 0.92008391983349 BBCMB 0.884670029296188 0.0153212521573582 0.00452767402260776
13070018 6089194 6089712 16534 0.0144284109075444 1 0.89685720543145 BBCMB 0.860810351321812 0.00427504905646805 0.00126334508169087
13070019 6089826 6089918 16534 0.00211775711321818 1 0.753684257463269 BBCMB 0.723015486858514 0.000627478355496372 0.000185429847427002
13070020 6090005 6091755 16534 0.0485706930369639 1 0.911135747773189 BBCMB 0.860816592105821 0.0143911964228229 0.00425282774075145
13070021 6091797 6092139 16534 0.00878800815554608 1 0.884512821725685 BBCMB 0.848816054240435 0.00260383255053794 0.000769473987974879
13070022 6092186 6093994 16534 0.0490154791963481 1 0.92199611792435 BBCMB 0.884735057220712 0.0145229838152939 0.00429177301410573
13070024 6094990 6095318 16534 0.00778047273877677 1 0.878605101308108 BBCMB 0.850984416688096 0.0023053060280804 0.00068125464618033
13070025 6095382 6097103 16534 0.0444119412775816 1 0.920409951265811 BBCMB 0.884267774364312 0.01315898395681 0.00388868933251956
13070026 6097152 6098765 16534 0.0408039388116187 1 0.919835409603908 BBCMB 0.883908049647741 0.0120899551055604 0.00357277428135342
13070027 6098884 6100343 16534 0.0360345004855816 1 0.916625897983881 BBCMB 0.883908437520885 0.0106767999808373 0.00315516443573444
13070030 6100945 6101035 16534 0.00125242934703126 1 0.519975561812676 BBCMB 0.504426366293861 0.000371087081774143 0.000109662142690289
13070050 6120651 6121642 16538 0.0373852202201388 1 0.935925419361433 BBCMB 0.942096466028497 0.012324936773189 0.00394971791211225
13070051 6121962 6122368 16538 0.0145804394193415 1 0.936115192272123 BBCMB 0.943249063116722 0.00480679244125175 0.0015404114888701
13070052 6122492 6123175 16538 0.0239986744539041 1 0.932900070349402 BBCMB 0.939740485674941 0.00791174008185672 0.00253544031035224
13070054 6123416 6123848 16538 0.0148041857822807 1 0.93067420859519 BBCMB 0.936799410581692 0.00488055580977597 0.00156405010895224
13070056 6124091 6126119 16538 0.0665641110552609 1 0.920129252430886 BBCMB 0.859449941472434 0.0219444597434171 0.00703244384253132
13070057 6126176 6128081 16538 0.0594957392957143 1 0.921226434794572 BBCMB 0.862332230894518 0.0196142010338836 0.00628567615241858
13070058 6128133 6130148 16538 0.0607566120431783 1 0.922145600240244 BBCMB 0.863847514681782 0.0200298780527703 0.00641888632601734
13070059 6130205 6130830 16538 0.0178475176420132 1 0.903263070864554 BBCMB 0.805160221099965 0.00588386333425134 0.00188557562861233
13070060 6131192 6132450 16538 0.0219393971122825 1 0.929428554151297 BBCMB 0.75873119545236 0.00723284979086748 0.00231787934496763
13070061 6132527 6133704 16538 0.00512284801811719 1 0.856264039787775 BBCMB 0.651343718644899 0.00168887002805293 0.000541224699467908
13070062 6133836 6133915 16538 0.00210609640243553 1 0.90871346013578 BBCMB 0.916308808175787 0.000694325320150868 0.000222507360832764
13070065 6134323 6134717 16538 0.0109512990821162 1 0.937890803121708 BBCMB 0.947625276386297 0.00361035906640603 0.00115699578311517
13071003 6135174 6136849 16538 0.0449362744388225 1 0.921159699096171 BBCMB 0.869741472713907 0.0148143233614767 0.00474748060890118
13071004 6136914 6138417 16538 0.0392886694402538 1 0.918429051630628 BBCMB 0.870497970444258 0.0129524545770364 0.00415081576402311
13071005 6138455 6139964 16538 0.0391718835711369 1 0.922459567044814 BBCMB 0.871911815041479 0.0129139533071658 0.00413847743255371
13071006 6140000 6140581 16538 0.0130306722503937 1 0.822132292895382 BBCMB 0.626243924566461 0.00429587442985653 0.00137667985613521
13071008 6141031 6141661 16538 0.0156714052265265 1 0.911580391757789 BBCMB 0.868171530040092 0.00516645555186313 0.00165567113331695
13071009 6142383 6142926 16538 0.0133584328373052 1 0.916382351913739 BBCMB 0.888167011482551 0.00440392858833524 0.00141130749383231
13071010 6143220 6144840 16538 0.0397664123907828 1 0.92640450939011 BBCMB 0.874348313415221 0.0131099540280075 0.0042012889156584
13071011 6144943 6146546 16538 0.038396951435053 1 0.915361913207338 BBCMB 0.89384477432674 0.0126584782952625 0.00405660648674841
13071012 6146631 6148429 16538 0.0409147213135064 1 0.884906567433652 BBCMB 0.887019391517352 0.0134885216754714 0.00432260681331991
13071028 6178516 6180160 16541 0.0538533123097021 1 0.927510687603688 BBCMB 0.891461876771023 0.0192890084188225 0.00686934970662825
13071029 6180213 6181723 16541 0.0475475879311649 1 0.922286425824729 BBCMB 0.888097658016869 0.017030444081593 0.00606501244208493
13071031 6182002 6183758 16541 0.0537570951414356 1 0.926622412107529 BBCMB 0.894711717866263 0.0192545456589823 0.0068570765641184
13071032 6183837 6185687 16541 0.0548425050243138 1 0.926016648199038 BBCMB 0.892847075133494 0.0196433143246553 0.00699552784484265
13071033 6185729 6187422 16541 0.0491597728531326 1 0.928948537885737 BBCMB 0.894005797035856 0.0176078913582562 0.00627065739772035
13071034 6187464 6187476 16541 0.00011844193125 1 0 BBCMB 0 4.24231548819933e-05 1.51080594821294e-05
13071035 6187586 6188305 16541 1.8544963878785e-05 1 0.000874287883564393 BBCMB 0.90338329699639 6.64237628184291e-06 2.36553401669247e-06
13071037 6188841 6188879 16541 0.000393217288831359 1 0.38948254101809 BBCMB 0.318700390924447 0.000140841320048724 5.01574917461153e-05
13071040 6189783 6189865 16541 0.00172823939519353 1 0.737598028905381 BBCMB 0.710632621673433 0.000619015299410339 0.000220448478899176
13071041 6190018 6192469 16541 0.0662251590474497 1 0.929691019755537 BBCMB 0.898051584834285 0.0237203172027356 0.00844746139769103
13071042 6192535 6193722 16541 0.0309710855454811 1 0.925863028649386 BBCMB 0.897702724037301 0.0110931250874838 0.00395056883748041
13071043 6193788 6195520 16541 0.0448978278137187 1 0.93151557383805 BBCMB 0.90091305610745 0.0160813614157145 0.00572701783962228
13071045 6196181 6198093 16541 0.0483795661625211 1 0.929773537366971 BBCMB 0.899057395049866 0.0173284394029693 0.00617113682282164
13071046 6198138 6198954 16541 0.0201886030780732 1 0.923503972440666 BBCMB 0.893633721181665 0.00723108975168949 0.00257519117550383
13071048 6199310 6200704 16541 0.023021140471875 1 1 BBCMB 1 0.00824563900209519 0.0029365002404547
13071049 6200842 6201043 16541 0.00474864637022595 1 0.924225372177506 BBCMB 0.949925784460417 0.0017008550799353 0.00060572156383993
13071050 6201109 6203246 16541 0.050787495768549 1 0.923251233288966 BBCMB 0.854059211283469 0.0181909039840798 0.00647828432820858
13071051 6203289 6203794 16541 0.0116583909406099 1 0.908158723009809 BBCMB 0.900180395417815 0.0041757654517164 0.00148710563849956
13071054 6204361 6204578 16541 0.00506865473563742 1 0.929955271233162 BBCMB 0.943801863577456 0.00181547466023182 0.000646540768393516
13071055 6204618 6206398 16541 0.0399762118997147 1 0.901558482984866 BBCMB 0.800773823610452 0.014318552653767 0.00509923285509665
13071064 6215753 6217388 16543 0.0555945052319346 1 0.878167155929742 BBCMB 0.880748924445622 0.0193822361970023 0.00675698353409116
13072001 6217429 6218983 16543 0.0502465813953945 1 0.880073425671678 BBCMB 0.890732178090999 0.017517758358213 0.00610699423830877
13072002 6219055 6220735 16543 0.0541955066856149 1 0.909267122781369 BBCMB 0.888878099600522 0.0188944951846324 0.00658694856206896
13072003 6220778 6222578 16543 0.0555880153182992 1 0.898697557193487 BBCMB 0.89442502358456 0.0193799735806079 0.00675619474679303
13072004 6222629 6223783 16543 0.034314547841934 1 0.8873568406384 BBCMB 0.890228003646153 0.0119632806963746 0.00417060703715993
13072005 6223819 6225562 16543 0.0528800837660182 1 0.92585362827329 BBCMB 0.889614555965742 0.0184358916298349 0.0064270714128615
13072006 6225613 6225999 16543 0.0112315409106046 1 0.91884599418846 BBCMB 0.885788321086241 0.0039157175313899 0.00136508701136589
13072007 6226336 6228011 16543 0.0487680943866517 1 0.926787001008791 BBCMB 0.893346348254701 0.0170023048201682 0.0059272981994329
13072008 6228197 6230124 16543 0.0545906908414503 1 0.925575716516898 BBCMB 0.89229750162505 0.019032270538829 0.00663497943891144
13072009 6230166 6231813 16543 0.0448016008411548 1 0.90895728549986 BBCMB 0.875821408418158 0.0156194430705767 0.00544520862127786
13072010 6231974 6233442 16543 0.0392082812467818 1 0.911231842663072 BBCMB 0.893311737064386 0.0136694114793038 0.00476539380428443
13072011 6233502 6235092 16543 0.0395589005673255 1 0.864855080426055 BBCMB 0.891931074683327 0.0137916499353825 0.00480800824910707
13072014 6235827 6236745 16543 0.0221517132163483 1 0.859279830529515 BBCMB 0.880958148285961 0.00772288081234501 0.00269233012921566
13072015 6237085 6238157 16543 0.0254977686555218 1 0.86481381831918 BBCMB 0.882252688470159 0.008889435610877 0.00309901135449733
13072016 6238285 6240559 16543 0.0544489470554639 1 0.886195252608248 BBCMB 0.89508471058895 0.018982853577063 0.00661775182938466
13072017 6240596 6242200 16543 0.0369014534258725 1 0.870380820278701 BBCMB 0.894050909757358 0.0128651686588281 0.00448502081532016
13072018 6242246 6243826 16543 0.0367712572152991 1 0.894642894423683 BBCMB 0.893377081291083 0.012819777595543 0.00446919670379375
13072019 6243884 6244673 16543 0.0179604933456954 1 0.888645144817848 BBCMB 0.890999156124012 0.00626167141498351 0.00218292720287232
13072020 6244795 6245783 16543 0.0219117317065417 1 0.873525733117535 BBCMB 0.890488831203613 0.00763921466068883 0.00266316265837507
