13048042
13048044
13048045
13048048
13048049
13048050
13048051
13048052
13048053
13048087
13048088
13048089
13048090
13048091
13049004
13049005
13049006
13049031
13049032
13049039
13049041
13049042
13049045
13049046
13049047
13049048
13049050
13049072
13049079
13049080
13049081
13049082
13049086
13049087
13049088
13049092
13049093
13049094
13049096
13049098
13049099
13049101
13050001
13050002
13050006
13050007
13050008
13050009
13050010
13050011
13050012
13050014
13050020
13050022
13050023
13050025
13050026
13050028
13050029
13050031
13050032
13050033
13050036
13050037
13050038
13050039
13050041
13050042
13050043
13050044
13050046
13050047
13050049
13050050
13051006
13051007
13051008
13051009
13051010
13051011
13051012
13051013
13051014
13051015
13051016
13051017
13051019
13051020
13051021
13051022
13051023
13051024
13051026
13051028
13051068
13051070
13051071
13051072
13051073
13051074
13051081
13051082
13051083
13051085
13051086
13051087
13051088
13051091
13051092
13051093
13051095
13051099
13051101
13052001
13052003
13052004
13052005
13052008
13052009
13052010
13052011
13052012
13052013
13052014
13052015
13052016
13052017
13052018
13052036
13052037
13052039
13052042
13052043
13052045
13052046
13052048
13052049
13052050
13052051
13052052
13052056
13052060
13052061
13052062
13052064
13052067
13052085
13052087
13052088
13053004
13053005
13053006
13053007
13053010
13053011
13053012
13053013
13053014
13053015
13053022
13053023
13053024
13053025
13053026
13053027
13053028
13054005
13054006
13054007
13054008
13054009
13054010
13054011
13054012
13054013
13054014
13054015
13054016
13054017
13054018
13054019
13054021
13054023
13054042
13054043
13054044
13054056
13054058
13054060
13054061
13054062
13054063
13054064
13054065
13054066
13054068
13054069
13054070
13054082
13054083
13054084
13054085
13055001
13055002
13055003
13055006
13055008
13055009
13055010
13055011
13055016
13055017
13055018
13055019
13055020
13055021
13055022
13055035
13055036
13055037
13055038
13055039
13055067
13055068
13055069
13055070
13055071
13055072
13055073
13055075
13055078
13055079
13055080
13055081
13055083
13055085
13055086
13055087
13055088
13055089
13056005
13056007
13056011
13056017
13056020
13056022
13056023
13056027
13056028
13056029
13056030
13056031
13056033
13056035
13056037
13056038
13056039
13057005
13057006
13057007
13057008
13057009
13057010
13057014
13057015
13057016
13057021
13057023
13057026
13057042
13057044
13057045
13057050
13057052
13057053
13057057
13058001
13058002
13058003
13058007
13058012
13058020
13058023
13058028
13059002
13059005
13059006
13059007
13059009
13059010
13059011
13059012
13059014
13059016
13059017
13059018
13059020
13059021
13059022
13059023
13059025
13059074
13059076
13059077
13059078
13059079
13059080
13059082
13060001
13060002
13060005
13060007
13060009
13060011
13062023
13062036
13062042
13062045
13062047
13062049
13062050
13062053
13062057
13062059
13062063
